{
    "Game Objects": [
        {
            "UID": 1918840216,
            "ParentUID": 0,
            "Name": "BlueGuy",
            "Active": true,
            "Static": false,
            "Components": [
                {
                    "Type": 1,
                    "UID": 208882274,
                    "Position": [
                        0.0,
                        0.061445653438568118,
                        0.0
                    ],
                    "Rotation": [
                        0.0,
                        0.0,
                        0.0,
                        1.0
                    ],
                    "Scale": [
                        1.2400000095367432,
                        1.2400000095367432,
                        1.2400000095367432
                    ],
                    "Transform": [
                        1.2400000095367432,
                        0.0,
                        0.0,
                        0.0,
                        0.0,
                        1.2400000095367432,
                        0.0,
                        0.061445653438568118,
                        0.0,
                        0.0,
                        1.2400000095367432,
                        0.0,
                        0.0,
                        0.0,
                        0.0,
                        1.0
                    ]
                },
                {
                    "Type": 4,
                    "UID": 1959139249,
                    "debugDraw": false,
                    "loop": true,
                    "interpolation": true,
                    "walkFBX": "Assets/Models/BlueGuy@walk.fbx",
                    "walkAnimation": "Take 001(4)",
                    "walkBlendTime": 0.30000001192092898,
                    "attackFBX": "Assets/Models/BlueGuy@Punch.fbx",
                    "attackAnimation": "Take 001(1)",
                    "attackBlendTime": 0.10000000149011612,
                    "FBX": "Assets/Models/BlueGuy.fbx",
                    "animation": "Take 001"
                }
            ]
        },
        {
            "UID": 3290637341,
            "ParentUID": 1918840216,
            "Name": "BlueGuy(1)",
            "Active": true,
            "Static": true,
            "Components": [
                {
                    "Type": 1,
                    "UID": 2994789594,
                    "Position": [
                        0.0,
                        0.0,
                        0.0
                    ],
                    "Rotation": [
                        0.0,
                        0.0,
                        0.0,
                        1.0
                    ],
                    "Scale": [
                        1.0,
                        1.0,
                        1.0
                    ],
                    "Transform": [
                        1.0,
                        0.0,
                        0.0,
                        0.0,
                        0.0,
                        1.0,
                        0.0,
                        0.0,
                        0.0,
                        0.0,
                        1.0,
                        0.0,
                        0.0,
                        0.0,
                        0.0,
                        1.0
                    ]
                },
                {
                    "Type": 2,
                    "UID": 1719505423,
                    "FBX": "Assets/Models/BlueGuy.fbx",
                    "mesh": "BlueGuy_Mesh",
                    "Linker": [
                        670906082,
                        1356233387,
                        669701849,
                        2896074901,
                        355436827,
                        921945285,
                        47398901,
                        4126163848,
                        2582660100,
                        3827032827,
                        3794287926,
                        2699902023,
                        3005504311,
                        2352382591,
                        4163817267,
                        2057164999,
                        1563242742,
                        890803904,
                        1894699660,
                        2349287701,
                        3739581652
                    ]
                },
                {
                    "Type": 3,
                    "UID": 2506517867,
                    "originalFile": "Assets/Textures/sword_texture.dds"
                }
            ]
        },
        {
            "UID": 2446431605,
            "ParentUID": 1918840216,
            "Name": "Root",
            "Active": true,
            "Static": true,
            "Components": [
                {
                    "Type": 1,
                    "UID": 1766917702,
                    "Position": [
                        0.0,
                        0.0,
                        0.0
                    ],
                    "Rotation": [
                        0.0,
                        0.0,
                        0.0,
                        1.0
                    ],
                    "Scale": [
                        1.0,
                        1.0,
                        1.0
                    ],
                    "Transform": [
                        1.0,
                        0.0,
                        0.0,
                        0.0,
                        0.0,
                        1.0,
                        0.0,
                        0.0,
                        0.0,
                        0.0,
                        1.0,
                        0.0,
                        0.0,
                        0.0,
                        0.0,
                        1.0
                    ]
                }
            ]
        },
        {
            "UID": 633144989,
            "ParentUID": 2446431605,
            "Name": "Hip",
            "Active": true,
            "Static": true,
            "Components": [
                {
                    "Type": 1,
                    "UID": 2583911017,
                    "Position": [
                        0.03500000014901161,
                        0.8407363891601563,
                        -0.07979745417833328
                    ],
                    "Rotation": [
                        -0.7064600586891174,
                        -0.15277209877967835,
                        -0.21032150089740754,
                        0.6582854986190796
                    ],
                    "Scale": [
                        0.9999999403953552,
                        1.0,
                        0.9999999403953552
                    ],
                    "Transform": [
                        0.8648511171340942,
                        0.4927579462528229,
                        0.09603216499090195,
                        0.03500000014901161,
                        -0.06104840338230133,
                        -0.08664190024137497,
                        0.9943673014640808,
                        0.8407363891601563,
                        0.49830278754234316,
                        -0.8658422827720642,
                        -0.04485022649168968,
                        -0.07979745417833328,
                        0.0,
                        0.0,
                        0.0,
                        1.0
                    ]
                },
                {
                    "Type": 6,
                    "UID": 670906082,
                    "debugDraw": false,
                    "FBX": "Assets/Models/BlueGuy.fbx",
                    "bone": "Hip"
                }
            ]
        },
        {
            "UID": 1145763478,
            "ParentUID": 633144989,
            "Name": "Thigh_R",
            "Active": true,
            "Static": true,
            "Components": [
                {
                    "Type": 1,
                    "UID": 2569396936,
                    "Position": [
                        -0.09300000220537186,
                        1.3877787807814458e-17,
                        0.04100000113248825
                    ],
                    "Rotation": [
                        0.9961243867874146,
                        0.00006776746158720925,
                        -0.036477360874414447,
                        0.08003512024879456
                    ],
                    "Scale": [
                        1.0,
                        1.0000015497207642,
                        1.0000014305114747
                    ],
                    "Transform": [
                        0.9973387718200684,
                        0.0059739588759839539,
                        -0.07266123592853546,
                        -0.09300000220537186,
                        -0.005703930277377367,
                        -0.9871903657913208,
                        -0.1594550460577011,
                        1.3877787807814458e-17,
                        -0.07268282771110535,
                        0.15944518148899079,
                        -0.9845290184020996,
                        0.04100000113248825,
                        0.0,
                        0.0,
                        0.0,
                        1.0
                    ]
                },
                {
                    "Type": 6,
                    "UID": 921945285,
                    "debugDraw": false,
                    "FBX": "Assets/Models/BlueGuy.fbx",
                    "bone": "Thigh_R"
                }
            ]
        },
        {
            "UID": 2644260405,
            "ParentUID": 1145763478,
            "Name": "Shin_R",
            "Active": true,
            "Static": true,
            "Components": [
                {
                    "Type": 1,
                    "UID": 478802303,
                    "Position": [
                        -8.326672684688674e-17,
                        3.3801619281348396e-9,
                        0.42100000381469729
                    ],
                    "Rotation": [
                        0.32483652234077456,
                        0.0,
                        0.0,
                        0.9457702040672302
                    ],
                    "Scale": [
                        1.0,
                        1.0000014305114747,
                        1.0000014305114747
                    ],
                    "Transform": [
                        1.0,
                        0.0,
                        0.0,
                        -8.326672684688674e-17,
                        0.0,
                        0.7889636158943176,
                        -0.6144422888755798,
                        3.3801619281348396e-9,
                        0.0,
                        0.6144422888755798,
                        0.7889636158943176,
                        0.42100000381469729,
                        0.0,
                        0.0,
                        0.0,
                        1.0
                    ]
                },
                {
                    "Type": 6,
                    "UID": 47398901,
                    "debugDraw": false,
                    "FBX": "Assets/Models/BlueGuy.fbx",
                    "bone": "Shin_R"
                }
            ]
        },
        {
            "UID": 1006655312,
            "ParentUID": 2644260405,
            "Name": "Foot_R",
            "Active": true,
            "Static": true,
            "Components": [
                {
                    "Type": 1,
                    "UID": 2139323572,
                    "Position": [
                        -1.6653345369377349e-16,
                        1.2306434982178871e-8,
                        0.422499418258667
                    ],
                    "Rotation": [
                        -0.772992730140686,
                        0.07093815505504608,
                        0.006019922439008951,
                        0.6304076910018921
                    ],
                    "Scale": [
                        1.0000004768371583,
                        0.9999999403953552,
                        1.0000003576278687
                    ],
                    "Transform": [
                        0.9898635745048523,
                        -0.11725936830043793,
                        0.08013325184583664,
                        -1.6653345369377349e-16,
                        -0.10207941383123398,
                        -0.1951080560684204,
                        0.9754555821418762,
                        1.2306434982178871e-8,
                        -0.09874667227268219,
                        -0.9737469553947449,
                        -0.2051001638174057,
                        0.422499418258667,
                        0.0,
                        0.0,
                        0.0,
                        1.0
                    ]
                },
                {
                    "Type": 6,
                    "UID": 4126163848,
                    "debugDraw": false,
                    "FBX": "Assets/Models/BlueGuy.fbx",
                    "bone": "Foot_R"
                }
            ]
        },
        {
            "UID": 3133058371,
            "ParentUID": 1006655312,
            "Name": "Toe_R",
            "Active": true,
            "Static": true,
            "Components": [
                {
                    "Type": 1,
                    "UID": 1820536095,
                    "Position": [
                        1.283417816466681e-13,
                        -0.07249978929758072,
                        0.1359996199607849
                    ],
                    "Rotation": [
                        -0.10452847182750702,
                        0.0,
                        0.0,
                        0.9945219159126282
                    ],
                    "Scale": [
                        1.0,
                        0.9999999403953552,
                        1.0
                    ],
                    "Transform": [
                        1.0,
                        -0.0,
                        0.0,
                        1.283417816466681e-13,
                        0.0,
                        0.978147566318512,
                        0.20791171491146089,
                        -0.07249978929758072,
                        -0.0,
                        -0.20791170001029969,
                        0.9781476259231567,
                        0.1359996199607849,
                        0.0,
                        0.0,
                        0.0,
                        1.0
                    ]
                },
                {
                    "Type": 6,
                    "UID": 2582660100,
                    "debugDraw": false,
                    "FBX": "Assets/Models/BlueGuy.fbx",
                    "bone": "Toe_R"
                }
            ]
        },
        {
            "UID": 1297280202,
            "ParentUID": 633144989,
            "Name": "Thigh_L",
            "Active": true,
            "Static": true,
            "Components": [
                {
                    "Type": 1,
                    "UID": 1884319960,
                    "Position": [
                        0.09300000220537186,
                        1.734723475976807e-17,
                        0.04100000113248825
                    ],
                    "Rotation": [
                        0.9415603876113892,
                        0.24351687729358674,
                        0.12205491960048676,
                        0.19815684854984284
                    ],
                    "Scale": [
                        0.9999999403953552,
                        0.9999998211860657,
                        0.9999998211860657
                    ],
                    "Transform": [
                        0.8516042232513428,
                        0.4101996421813965,
                        0.3263532221317291,
                        0.09300000220537186,
                        0.5069438219070435,
                        -0.8028669953346252,
                        -0.31370842456817629,
                        1.734723475976807e-17,
                        0.133335143327713,
                        0.43259817361831667,
                        -0.8916730880737305,
                        0.04100000113248825,
                        0.0,
                        0.0,
                        0.0,
                        1.0
                    ]
                },
                {
                    "Type": 6,
                    "UID": 1356233387,
                    "debugDraw": false,
                    "FBX": "Assets/Models/BlueGuy.fbx",
                    "bone": "Thigh_L"
                }
            ]
        },
        {
            "UID": 1255455023,
            "ParentUID": 1297280202,
            "Name": "Shin_L",
            "Active": true,
            "Static": true,
            "Components": [
                {
                    "Type": 1,
                    "UID": 1282715225,
                    "Position": [
                        0.0,
                        1.985582143149145e-9,
                        0.42100000381469729
                    ],
                    "Rotation": [
                        0.21915847063064576,
                        0.0,
                        0.0,
                        0.9756892919540405
                    ],
                    "Scale": [
                        1.0,
                        1.0000003576278687,
                        1.0000003576278687
                    ],
                    "Transform": [
                        1.0,
                        0.0,
                        0.0,
                        0.0,
                        0.0,
                        0.903939425945282,
                        -0.42766129970550539,
                        1.985582143149145e-9,
                        0.0,
                        0.42766129970550539,
                        0.903939425945282,
                        0.42100000381469729,
                        0.0,
                        0.0,
                        0.0,
                        1.0
                    ]
                },
                {
                    "Type": 6,
                    "UID": 669701849,
                    "debugDraw": false,
                    "FBX": "Assets/Models/BlueGuy.fbx",
                    "bone": "Shin_L"
                }
            ]
        },
        {
            "UID": 1586002274,
            "ParentUID": 1255455023,
            "Name": "Foot_L",
            "Active": true,
            "Static": true,
            "Components": [
                {
                    "Type": 1,
                    "UID": 2785462736,
                    "Position": [
                        -2.7755575615628915e-16,
                        2.23944063293402e-9,
                        0.4225001037120819
                    ],
                    "Rotation": [
                        -0.6537894010543823,
                        -0.019895533099770547,
                        -0.005313154309988022,
                        0.7563962936401367
                    ],
                    "Scale": [
                        1.0000007152557374,
                        0.9999994039535523,
                        0.9999998211860657
                    ],
                    "Transform": [
                        0.9991526007652283,
                        0.03405265510082245,
                        -0.02315044216811657,
                        -2.7755575615628915e-16,
                        0.017977287992835046,
                        0.14506229758262635,
                        0.9892590045928955,
                        2.23944063293402e-9,
                        0.037045206874608996,
                        -0.9888357520103455,
                        0.14432713389396668,
                        0.4225001037120819,
                        0.0,
                        0.0,
                        0.0,
                        1.0
                    ]
                },
                {
                    "Type": 6,
                    "UID": 2896074901,
                    "debugDraw": false,
                    "FBX": "Assets/Models/BlueGuy.fbx",
                    "bone": "Foot_L"
                }
            ]
        },
        {
            "UID": 3167106335,
            "ParentUID": 1586002274,
            "Name": "Toe_L",
            "Active": true,
            "Static": true,
            "Components": [
                {
                    "Type": 1,
                    "UID": 3887638315,
                    "Position": [
                        1.0130785099704554e-14,
                        -0.07249998301267624,
                        0.13599997758865357
                    ],
                    "Rotation": [
                        -0.04361938312649727,
                        0.0,
                        0.0,
                        0.9990482330322266
                    ],
                    "Scale": [
                        1.0,
                        1.0,
                        1.0
                    ],
                    "Transform": [
                        1.0,
                        -0.0,
                        0.0,
                        1.0130785099704554e-14,
                        0.0,
                        0.9961947202682495,
                        0.08715573698282242,
                        -0.07249998301267624,
                        -0.0,
                        -0.08715573698282242,
                        0.9961947202682495,
                        0.13599997758865357,
                        0.0,
                        0.0,
                        0.0,
                        1.0
                    ]
                },
                {
                    "Type": 6,
                    "UID": 355436827,
                    "debugDraw": false,
                    "FBX": "Assets/Models/BlueGuy.fbx",
                    "bone": "Toe_L"
                }
            ]
        },
        {
            "UID": 868953983,
            "ParentUID": 633144989,
            "Name": "Body",
            "Active": true,
            "Static": true,
            "Components": [
                {
                    "Type": 1,
                    "UID": 1551784954,
                    "Position": [
                        -6.938893903907229e-18,
                        1.3877787807814458e-17,
                        0.18000000715255738
                    ],
                    "Rotation": [
                        0.1261989027261734,
                        -0.0001083449024008587,
                        0.0008516603847965598,
                        0.9920046329498291
                    ],
                    "Scale": [
                        0.9999999403953552,
                        1.0,
                        1.0
                    ],
                    "Transform": [
                        0.9999984502792358,
                        -0.0017170478822663427,
                        -8.731149137020111e-11,
                        -6.938893903907229e-18,
                        0.0016623559640720487,
                        0.9681461453437805,
                        -0.2503799796104431,
                        1.3877787807814458e-17,
                        0.00042991447844542563,
                        0.2503795921802521,
                        0.9681476354598999,
                        0.18000000715255738,
                        0.0,
                        0.0,
                        0.0,
                        1.0
                    ]
                },
                {
                    "Type": 6,
                    "UID": 3827032827,
                    "debugDraw": false,
                    "FBX": "Assets/Models/BlueGuy.fbx",
                    "bone": "Body"
                }
            ]
        },
        {
            "UID": 517949364,
            "ParentUID": 868953983,
            "Name": "Chest",
            "Active": true,
            "Static": true,
            "Components": [
                {
                    "Type": 1,
                    "UID": 757937594,
                    "Position": [
                        0.0,
                        0.0,
                        0.17000000178813935
                    ],
                    "Rotation": [
                        0.03925980255007744,
                        -0.00003370550984982401,
                        0.0008578624692745507,
                        0.9992286562919617
                    ],
                    "Scale": [
                        0.9999999403953552,
                        1.0,
                        1.0
                    ],
                    "Transform": [
                        0.9999984502792358,
                        -0.0017170479986816645,
                        -7.275957180502557e-12,
                        0.0,
                        0.0017117547104135156,
                        0.996915876865387,
                        -0.07845909148454666,
                        0.0,
                        0.0001347180368611589,
                        0.07845897972583771,
                        0.9969172477722168,
                        0.17000000178813935,
                        0.0,
                        0.0,
                        0.0,
                        1.0
                    ]
                },
                {
                    "Type": 6,
                    "UID": 3794287926,
                    "debugDraw": false,
                    "FBX": "Assets/Models/BlueGuy.fbx",
                    "bone": "Chest"
                }
            ]
        },
        {
            "UID": 1831024454,
            "ParentUID": 517949364,
            "Name": "Collar_R",
            "Active": true,
            "Static": true,
            "Components": [
                {
                    "Type": 1,
                    "UID": 3488544448,
                    "Position": [
                        -0.028999999165534974,
                        -0.07000000029802323,
                        0.23600000143051148
                    ],
                    "Rotation": [
                        0.5175321102142334,
                        -0.43426093459129336,
                        -0.47391271591186526,
                        0.5647872686386108
                    ],
                    "Scale": [
                        0.9999999403953552,
                        1.0,
                        1.0
                    ],
                    "Transform": [
                        0.17364829778671266,
                        0.08583169430494309,
                        -0.9810602068901062,
                        -0.028999999165534974,
                        -0.9848077893257141,
                        0.01513433363288641,
                        -0.17298753559589387,
                        -0.07000000029802323,
                        -2.9802322387695315e-8,
                        0.9961946606636047,
                        0.08715569227933884,
                        0.23600000143051148,
                        0.0,
                        0.0,
                        0.0,
                        1.0
                    ]
                },
                {
                    "Type": 6,
                    "UID": 890803904,
                    "debugDraw": false,
                    "FBX": "Assets/Models/BlueGuy.fbx",
                    "bone": "Collar_R"
                }
            ]
        },
        {
            "UID": 127899740,
            "ParentUID": 1831024454,
            "Name": "Shoulder_R",
            "Active": true,
            "Static": true,
            "Components": [
                {
                    "Type": 1,
                    "UID": 3336572463,
                    "Position": [
                        -0.07000000029802323,
                        -0.028999999165534974,
                        0.17100000381469727
                    ],
                    "Rotation": [
                        0.6082772612571716,
                        0.48698145151138308,
                        0.0919724702835083,
                        0.6199910640716553
                    ],
                    "Scale": [
                        1.0,
                        1.0,
                        1.0
                    ],
                    "Transform": [
                        0.5087802410125732,
                        0.4783952236175537,
                        0.7157378196716309,
                        -0.07000000029802323,
                        0.7064837217330933,
                        0.24307966232299806,
                        -0.6646751165390015,
                        -0.028999999165534974,
                        -0.49195873737335207,
                        0.8438307046890259,
                        -0.21430432796478272,
                        0.17100000381469727,
                        0.0,
                        0.0,
                        0.0,
                        1.0
                    ]
                },
                {
                    "Type": 6,
                    "UID": 1894699660,
                    "debugDraw": false,
                    "FBX": "Assets/Models/BlueGuy.fbx",
                    "bone": "Shoulder_R"
                }
            ]
        },
        {
            "UID": 3551895588,
            "ParentUID": 127899740,
            "Name": "ForeArm_R",
            "Active": true,
            "Static": true,
            "Components": [
                {
                    "Type": 1,
                    "UID": 3474172263,
                    "Position": [
                        -1.1102230246251566e-16,
                        -5.551115123125783e-17,
                        0.31200000643730166
                    ],
                    "Rotation": [
                        -5.765100752341823e-8,
                        0.914646327495575,
                        5.765100752341823e-8,
                        0.4042549729347229
                    ],
                    "Scale": [
                        1.0,
                        1.0,
                        1.0
                    ],
                    "Transform": [
                        -0.6731557250022888,
                        -1.5207197634481418e-7,
                        0.7395006418228149,
                        -1.1102230246251566e-16,
                        -5.8849142448025307e-8,
                        1.0,
                        1.5207197634481418e-7,
                        -5.551115123125783e-17,
                        -0.7395006418228149,
                        5.884915665888002e-8,
                        -0.6731557250022888,
                        0.31200000643730166,
                        0.0,
                        0.0,
                        0.0,
                        1.0
                    ]
                },
                {
                    "Type": 6,
                    "UID": 2349287701,
                    "debugDraw": false,
                    "FBX": "Assets/Models/BlueGuy.fbx",
                    "bone": "ForeArm_R"
                }
            ]
        },
        {
            "UID": 876476616,
            "ParentUID": 3551895588,
            "Name": "Hand_R",
            "Active": true,
            "Static": true,
            "Components": [
                {
                    "Type": 1,
                    "UID": 2373893031,
                    "Position": [
                        -5.551115123125783e-17,
                        0.0,
                        0.24300000071525575
                    ],
                    "Rotation": [
                        0.0,
                        0.0,
                        0.0,
                        1.0
                    ],
                    "Scale": [
                        1.0,
                        1.0,
                        1.0
                    ],
                    "Transform": [
                        1.0,
                        0.0,
                        0.0,
                        -5.551115123125783e-17,
                        0.0,
                        1.0,
                        0.0,
                        0.0,
                        0.0,
                        0.0,
                        1.0,
                        0.24300000071525575,
                        0.0,
                        0.0,
                        0.0,
                        1.0
                    ]
                },
                {
                    "Type": 6,
                    "UID": 3739581652,
                    "debugDraw": false,
                    "FBX": "Assets/Models/BlueGuy.fbx",
                    "bone": "Hand_R"
                }
            ]
        },
        {
            "UID": 3071029323,
            "ParentUID": 517949364,
            "Name": "Collar_L",
            "Active": true,
            "Static": true,
            "Components": [
                {
                    "Type": 1,
                    "UID": 3775089469,
                    "Position": [
                        0.028999999165534974,
                        -0.07000000029802323,
                        0.23600000143051148
                    ],
                    "Rotation": [
                        0.519787073135376,
                        0.47939690947532656,
                        0.47939690947532656,
                        0.519787073135376
                    ],
                    "Scale": [
                        1.0,
                        1.0,
                        1.0
                    ],
                    "Transform": [
                        0.08071433752775192,
                        -2.9802322387695315e-8,
                        0.9967372417449951,
                        0.028999999165534974,
                        0.9967371821403503,
                        -1.1920928955078126e-7,
                        -0.0807144045829773,
                        -0.07000000029802323,
                        2.9802320611338474e-8,
                        1.0,
                        0.0,
                        0.23600000143051148,
                        0.0,
                        0.0,
                        0.0,
                        1.0
                    ]
                },
                {
                    "Type": 6,
                    "UID": 2352382591,
                    "debugDraw": false,
                    "FBX": "Assets/Models/BlueGuy.fbx",
                    "bone": "Collar_L"
                }
            ]
        },
        {
            "UID": 456235144,
            "ParentUID": 3071029323,
            "Name": "Shoulder_L",
            "Active": true,
            "Static": true,
            "Components": [
                {
                    "Type": 1,
                    "UID": 3296254819,
                    "Position": [
                        0.07000000029802323,
                        -0.028999999165534974,
                        0.17100000381469727
                    ],
                    "Rotation": [
                        0.6048186421394348,
                        -0.3020095229148865,
                        -0.2282482236623764,
                        0.7006335854530335
                    ],
                    "Scale": [
                        1.0,
                        1.0,
                        1.0
                    ],
                    "Transform": [
                        0.7133859992027283,
                        -0.045485254377126697,
                        -0.6992936134338379,
                        0.07000000029802323,
                        -0.6851587295532227,
                        0.1641942709684372,
                        -0.7096462249755859,
                        -0.028999999165534974,
                        0.14709845185279847,
                        0.9853786826133728,
                        0.08596932888031006,
                        0.17100000381469727,
                        0.0,
                        0.0,
                        0.0,
                        1.0
                    ]
                },
                {
                    "Type": 6,
                    "UID": 4163817267,
                    "debugDraw": false,
                    "FBX": "Assets/Models/BlueGuy.fbx",
                    "bone": "Shoulder_L"
                }
            ]
        },
        {
            "UID": 147117993,
            "ParentUID": 456235144,
            "Name": "ForeArm_L",
            "Active": true,
            "Static": true,
            "Components": [
                {
                    "Type": 1,
                    "UID": 512008015,
                    "Position": [
                        0.0,
                        0.0,
                        0.31200000643730166
                    ],
                    "Rotation": [
                        2.2825163981110564e-8,
                        0.9182288646697998,
                        -2.2825163981110564e-8,
                        -0.3960500955581665
                    ],
                    "Scale": [
                        1.0,
                        1.0,
                        1.0
                    ],
                    "Transform": [
                        -0.6862888932228088,
                        2.3837639417934043e-8,
                        -0.727329432964325,
                        0.0,
                        5.99972835857443e-8,
                        1.0,
                        -2.3837630536149846e-8,
                        0.0,
                        0.727329432964325,
                        -5.99972835857443e-8,
                        -0.6862888932228088,
                        0.31200000643730166,
                        0.0,
                        0.0,
                        0.0,
                        1.0
                    ]
                },
                {
                    "Type": 6,
                    "UID": 2057164999,
                    "debugDraw": false,
                    "FBX": "Assets/Models/BlueGuy.fbx",
                    "bone": "ForeArm_L"
                }
            ]
        },
        {
            "UID": 1998806951,
            "ParentUID": 147117993,
            "Name": "Hand_L",
            "Active": true,
            "Static": true,
            "Components": [
                {
                    "Type": 1,
                    "UID": 3782253186,
                    "Position": [
                        1.6653345369377349e-16,
                        0.0,
                        0.24300000071525575
                    ],
                    "Rotation": [
                        0.0,
                        0.0,
                        0.0,
                        1.0
                    ],
                    "Scale": [
                        1.0,
                        1.0,
                        1.0
                    ],
                    "Transform": [
                        1.0,
                        0.0,
                        0.0,
                        1.6653345369377349e-16,
                        0.0,
                        1.0,
                        0.0,
                        0.0,
                        0.0,
                        0.0,
                        1.0,
                        0.24300000071525575,
                        0.0,
                        0.0,
                        0.0,
                        1.0
                    ]
                },
                {
                    "Type": 6,
