{
    "Game Objects": [
        {
            "UID": 154891009,
            "ParentUID": 0,
            "Name": "Camera",
            "Active": true,
            "Static": false,
            "Components": [
                {
                    "Type": 1,
                    "UID": 1513113803,
                    "Position": [
                        18.244211196899415,
                        5.949741840362549,
                        28.441267013549806
                    ],
                    "Rotation": [
                        0.0,
                        0.28371530771255495,
                        0.0,
                        0.9589085578918457
                    ],
                    "Scale": [
                        0.9999998807907105,
                        1.0,
                        0.9999998807907105
                    ],
                    "Transform": [
                        0.8390111327171326,
                        0.0,
                        0.5441140532493591,
                        18.244211196899415,
                        0.0,
                        1.0,
                        0.0,
                        5.949741840362549,
                        -0.5441140532493591,
                        0.0,
                        0.8390111327171326,
                        28.441267013549806,
                        0.0,
                        0.0,
                        0.0,
                        1.0
                    ]
                },
                {
                    "Type": 5,
                    "UID": 22831981,
                    "Frustum Type": 2,
                    "Position": [
                        18.244211196899415,
                        5.949741840362549,
                        28.441267013549806
                    ],
                    "Front": [
                        -0.5441140532493591,
                        -0.0,
                        -0.8390111327171326
                    ],
                    "Up": [
                        0.0,
                        1.0,
                        0.0
                    ],
                    "Near Plane": 0.10000000149011612,
                    "Far Plane": 100.0,
                    "VFOV": 0.5235987901687622,
                    "Aspect Ratio": 1.7777777910232545,
                    "Culling": true
                }
            ]
        },
        {
            "UID": 3694682912,
            "ParentUID": 0,
            "Name": "Skeleton@Idle",
            "Active": true,
            "Static": true,
            "Components": [
                {
                    "Type": 1,
                    "UID": 941742430,
                    "Position": [
                        0.0,
                        0.0,
                        0.0
                    ],
                    "Rotation": [
                        0.0,
                        0.0,
                        0.0,
                        1.0
                    ],
                    "Scale": [
                        1.0,
                        1.0,
                        1.0
                    ],
                    "Transform": [
                        1.0,
                        0.0,
                        0.0,
                        0.0,
                        0.0,
                        1.0,
                        0.0,
                        0.0,
                        0.0,
                        0.0,
                        1.0,
                        0.0,
                        0.0,
                        0.0,
                        0.0,
                        1.0
                    ]
                },
                {
                    "Type": 4,
                    "UID": 701323644,
                    "debugDraw": false,
                    "loop": true,
                    "interpolation": true,
                    "walkFBX": "Assets/Models/Skeleton@Run.FBX",
                    "walkAnimation": "Take 001(7)",
                    "walkBlendTime": 0.5,
                    "attackFBX": "Assets/Models/Skeleton@Attack.FBX",
                    "attackAnimation": "Take 001(5)",
                    "attackBlendTime": 0.5,
                    "FBX": "Assets/Models/Skeleton@Idle.FBX",
                    "animation": "Take 001(6)"
                }
            ]
        },
        {
            "UID": 1942428849,
            "ParentUID": 3694682912,
            "Name": "Bip001",
            "Active": true,
            "Static": true,
            "Components": [
                {
                    "Type": 1,
                    "UID": 2764537167,
                    "Position": [
                        -0.3401670455932617,
                        5.953533172607422,
                        0.0
                    ],
                    "Rotation": [
                        -0.48628050088882449,
                        -0.34415432810783389,
                        -0.4479517638683319,
                        0.6666545271873474
                    ],
                    "Scale": [
                        1.0,
                        0.9999999403953552,
                        1.0
                    ],
                    "Transform": [
                        0.36179405450820925,
                        0.931969165802002,
                        -0.023203670978546144,
                        -0.3401670455932617,
                        -0.2625470757484436,
                        0.12574099004268647,
                        0.9566912651062012,
                        5.953533172607422,
                        0.8945245146751404,
                        -0.3400331139564514,
                        0.290178120136261,
                        0.0,
                        0.0,
                        0.0,
                        0.0,
                        1.0
                    ]
                }
            ]
        },
        {
            "UID": 1308265129,
            "ParentUID": 1942428849,
            "Name": "Bip001 Pelvis",
            "Active": true,
            "Static": true,
            "Components": [
                {
                    "Type": 1,
                    "UID": 2739015722,
                    "Position": [
                        0.0,
                        0.0,
                        0.0
                    ],
                    "Rotation": [
                        -0.49999967217445376,
                        -0.5000004172325134,
                        -0.4999997019767761,
                        0.5000002980232239
                    ],
                    "Scale": [
                        1.0,
                        1.0,
                        0.9999999403953552
                    ],
                    "Transform": [
                        -2.3841856489070779e-7,
                        1.0,
                        -0.0000014901158920110902,
                        0.0,
                        0.0,
                        0.000001311302071371756,
                        1.0,
                        0.0,
                        1.0000001192092896,
                        0.0,
                        -2.3841855067985308e-7,
                        0.0,
                        0.0,
                        0.0,
                        0.0,
                        1.0
                    ]
                },
                {
                    "Type": 6,
                    "UID": 1403143201,
                    "debugDraw": false,
                    "FBX": "Assets/Models/Skeleton@Idle.FBX",
                    "bone": "Bip001 Pelvis"
                }
            ]
        },
        {
            "UID": 126785908,
            "ParentUID": 1308265129,
            "Name": "Bip001 Spine",
            "Active": true,
            "Static": true,
            "Components": [
                {
                    "Type": 1,
                    "UID": 1802024250,
                    "Position": [
                        0.6278524398803711,
                        0.31800103187561037,
                        -2.086162567138672e-7
                    ],
                    "Rotation": [
                        -0.000002111966523443698,
                        -6.862942427687813e-7,
                        0.0003981292247772217,
                        0.9999999403953552
                    ],
                    "Scale": [
                        1.0000001192092896,
                        1.0,
                        1.0
                    ],
                    "Transform": [
                        0.9999998211860657,
                        -0.0007962583913467825,
                        -0.000001374270027554303,
                        0.6278524398803711,
                        0.0007962585077621043,
                        0.9999997019767761,
                        0.0000042233859858242799,
                        0.31800103187561037,
                        0.0000013709068298339844,
                        -0.0000042244791984558109,
                        1.0,
                        -2.086162567138672e-7,
                        0.0,
                        0.0,
                        0.0,
                        1.0
                    ]
                },
                {
                    "Type": 6,
                    "UID": 351427785,
                    "debugDraw": false,
                    "FBX": "Assets/Models/Skeleton@Idle.FBX",
                    "bone": "Bip001 Spine"
                }
            ]
        },
        {
            "UID": 2902336575,
            "ParentUID": 126785908,
            "Name": "Bip001 L Thigh",
            "Active": true,
            "Static": true,
            "Components": [
                {
                    "Type": 1,
                    "UID": 3655538858,
                    "Position": [
                        -0.6281051635742188,
                        -0.31750404834747317,
                        1.153568983078003
                    ],
                    "Rotation": [
                        0.2708427309989929,
                        0.9550502300262451,
                        0.04375312477350235,
                        -0.11228972673416138
                    ],
                    "Scale": [
                        0.9999997615814209,
                        0.9999998807907105,
                        0.9999998211860657
                    ],
                    "Transform": [
                        -0.8280704021453857,
                        0.5271628499031067,
                        -0.1907842755317688,
                        -0.6281051635742188,
                        0.5075106620788574,
                        0.849459707736969,
                        0.1443985253572464,
                        -0.31750404834747317,
                        0.2381850779056549,
                        0.022747093811631204,
                        -0.9709534049034119,
                        1.153568983078003,
                        0.0,
                        0.0,
                        0.0,
                        1.0
                    ]
                },
                {
                    "Type": 6,
                    "UID": 215035725,
                    "debugDraw": false,
                    "FBX": "Assets/Models/Skeleton@Idle.FBX",
                    "bone": "Bip001 L Thigh"
                }
            ]
        },
        {
            "UID": 2565440316,
            "ParentUID": 2902336575,
            "Name": "Bip001 L Calf",
            "Active": true,
            "Static": true,
            "Components": [
                {
                    "Type": 1,
                    "UID": 325568092,
                    "Position": [
                        2.6564342975616457,
                        -1.1920928955078126e-7,
                        0.0
                    ],
                    "Rotation": [
                        -2.9528354872354613e-8,
                        -5.489289023330457e-9,
                        -0.32909536361694338,
                        0.944296658039093
                    ],
                    "Scale": [
                        1.0,
                        1.000000238418579,
                        1.0
                    ],
                    "Transform": [
                        0.7833924293518066,
                        0.6215275526046753,
                        9.068258144395714e-9,
                        2.6564342975616457,
                        -0.6215274333953857,
                        0.783392608165741,
                        5.938006708561261e-8,
                        -1.1920928955078126e-7,
                        2.980232949312267e-8,
                        -5.215408194203519e-8,
                        1.0,
                        0.0,
                        0.0,
                        0.0,
                        0.0,
                        1.0
                    ]
                },
                {
                    "Type": 6,
                    "UID": 686920517,
                    "debugDraw": false,
                    "FBX": "Assets/Models/Skeleton@Idle.FBX",
                    "bone": "Bip001 L Calf"
                }
            ]
        },
        {
            "UID": 773961127,
            "ParentUID": 2565440316,
            "Name": "Bip001 L Foot",
            "Active": true,
            "Static": true,
            "Components": [
                {
                    "Type": 1,
                    "UID": 714178566,
                    "Position": [
                        3.3164162635803224,
                        1.1920928955078126e-7,
                        -2.384185791015625e-7
                    ],
                    "Rotation": [
                        0.13742481172084809,
                        -0.15049950778484345,
                        0.1960267275571823,
                        0.9591860175132752
                    ],
                    "Scale": [
                        1.0,
                        0.9999999403953552,
                        0.9999999403953552
                    ],
                    "Transform": [
                        0.8778468370437622,
                        -0.41741687059402468,
                        -0.2348361611366272,
                        3.3164162635803224,
                        0.3346874713897705,
                        0.8853757381439209,
                        -0.3226357400417328,
                        1.1920928955078126e-7,
                        0.34259191155433657,
                        0.20462802052497865,
                        0.9169285893440247,
                        -2.384185791015625e-7,
                        0.0,
                        0.0,
                        0.0,
                        1.0
                    ]
                },
                {
                    "Type": 6,
                    "UID": 428166785,
                    "debugDraw": false,
                    "FBX": "Assets/Models/Skeleton@Idle.FBX",
                    "bone": "Bip001 L Foot"
                }
            ]
        },
        {
            "UID": 4152987470,
            "ParentUID": 773961127,
            "Name": "Bip001 L Toe0",
            "Active": true,
            "Static": true,
            "Components": [
                {
                    "Type": 1,
                    "UID": 906181691,
                    "Position": [
                        0.8066026568412781,
                        1.3259632587432862,
                        0.0
                    ],
                    "Rotation": [
                        -2.710207240852469e-7,
                        6.98358348927286e-7,
                        0.7071073055267334,
                        0.7071062326431274
                    ],
                    "Scale": [
                        1.0,
                        1.0,
                        1.0
                    ],
                    "Transform": [
                        -0.000001311302071371756,
                        -0.9999998807907105,
                        6.043458711246785e-7,
                        0.8066026568412781,
                        0.9999998807907105,
                        -0.000001311302071371756,
                        0.000001370909444631252,
                        1.3259632587432862,
                        -0.0000013709085351365503,
                        6.043476901140821e-7,
                        1.0,
                        0.0,
                        0.0,
                        0.0,
                        0.0,
                        1.0
                    ]
                },
                {
                    "Type": 6,
                    "UID": 3155359541,
                    "debugDraw": false,
                    "FBX": "Assets/Models/Skeleton@Idle.FBX",
                    "bone": "Bip001 L Toe0"
                }
            ]
        },
        {
            "UID": 2058935430,
            "ParentUID": 126785908,
            "Name": "Bip001 Spine1",
            "Active": true,
            "Static": true,
            "Components": [
                {
                    "Type": 1,
                    "UID": 951153660,
                    "Position": [
                        1.7980303764343262,
                        -0.0013594627380371094,
                        -0.0004951357841491699
                    ],
                    "Rotation": [
                        0.19542096555233003,
                        -0.14988134801387788,
                        0.32489684224128725,
                        0.9131200909614563
                    ],
                    "Scale": [
                        0.9999999403953552,
                        0.9999998807907105,
                        0.9999998807907105
                    ],
                    "Transform": [
                        0.7439551949501038,
                        -0.6519195437431336,
                        -0.14673598110675813,
                        1.7980303764343262,
                        0.5347597002983093,
                        0.7125052809715271,
                        -0.45427748560905459,
                        -0.0013594627380371094,
                        0.4007025957107544,
                        0.2594936490058899,
                        0.8786923289299011,
                        -0.0004951357841491699,
                        0.0,
                        0.0,
                        0.0,
                        1.0
                    ]
                },
                {
                    "Type": 6,
                    "UID": 342506268,
                    "debugDraw": false,
                    "FBX": "Assets/Models/Skeleton@Idle.FBX",
                    "bone": "Bip001 Spine1"
                }
            ]
        },
        {
            "UID": 3017463987,
            "ParentUID": 2058935430,
            "Name": "Bip001 Neck",
            "Active": true,
            "Static": true,
            "Components": [
                {
                    "Type": 1,
                    "UID": 2955930482,
                    "Position": [
                        2.997201919555664,
                        -0.2343606948852539,
                        -2.384185791015625e-7
                    ],
                    "Rotation": [
                        -0.03127382695674896,
                        0.1998259425163269,
                        0.15219809114933015,
                        0.9674333333969116
                    ],
                    "Scale": [
                        1.0000001192092896,
                        1.0,
                        1.0
                    ],
                    "Transform": [
                        0.8738107681274414,
                        -0.3069816529750824,
                        0.3771169185638428,
                        2.997201919555664,
                        0.2819843888282776,
                        0.951715350151062,
                        0.1213369369506836,
                        -0.2343606948852539,
                        -0.3961562514305115,
                        0.00031556934118270874,
                        0.9181830883026123,
                        -2.384185791015625e-7,
                        0.0,
                        0.0,
                        0.0,
                        1.0
                    ]
                },
                {
                    "Type": 6,
                    "UID": 3999244785,
                    "debugDraw": false,
                    "FBX": "Assets/Models/Skeleton@Idle.FBX",
                    "bone": "Bip001 Neck"
                }
            ]
        },
        {
            "UID": 355955680,
            "ParentUID": 3017463987,
            "Name": "Bip001 L Clavicle",
            "Active": true,
            "Static": true,
            "Components": [
                {
                    "Type": 1,
                    "UID": 2720639650,
                    "Position": [
                        -0.4552736282348633,
                        -0.0967874526977539,
                        0.7976436614990234
                    ],
                    "Rotation": [
                        0.314115971326828,
                        -0.10387644916772843,
                        0.9365182518959045,
                        0.1160791665315628
                    ],
                    "Scale": [
                        1.0,
                        1.0000001192092896,
                        1.0
                    ],
                    "Transform": [
                        -0.7757139205932617,
                        -0.28267914056777956,
                        0.5642350316047669,
                        -0.4552736282348633,
                        0.15216203033924104,
                        -0.951471209526062,
                        -0.26748907566070559,
                        -0.0967874526977539,
                        0.6124666333198547,
                        -0.12163979560136795,
                        0.7810815572738648,
                        0.7976436614990234,
                        0.0,
                        0.0,
                        0.0,
                        1.0
                    ]
                },
                {
                    "Type": 6,
                    "UID": 2182077945,
                    "debugDraw": false,
                    "FBX": "Assets/Models/Skeleton@Idle.FBX",
                    "bone": "Bip001 L Clavicle"
                }
            ]
        },
        {
            "UID": 1485690862,
            "ParentUID": 355955680,
            "Name": "Bip001 L UpperArm",
            "Active": true,
            "Static": true,
            "Components": [
                {
                    "Type": 1,
                    "UID": 3090653239,
                    "Position": [
                        0.9862537384033203,
                        0.0,
                        4.76837158203125e-7
                    ],
                    "Rotation": [
                        -0.2448454350233078,
                        0.3208892345428467,
                        -0.12854090332984925,
                        0.9058465957641602
                    ],
                    "Scale": [
                        0.9999999403953552,
                        1.0,
                        0.9999998807907105
                    ],
                    "Transform": [
                        0.7610146403312683,
                        0.07574012875556946,
                        0.6442980766296387,
                        0.9862537384033203,
                        -0.3900131583213806,
                        0.8470559120178223,
                        0.3610900044441223,
                        0.0,
                        -0.5184074640274048,
                        -0.5260795950889587,
                        0.6741615533828735,
                        4.76837158203125e-7,
                        0.0,
                        0.0,
                        0.0,
                        1.0
                    ]
                },
                {
                    "Type": 6,
                    "UID": 1692394998,
                    "debugDraw": false,
                    "FBX": "Assets/Models/Skeleton@Idle.FBX",
                    "bone": "Bip001 L UpperArm"
                }
            ]
        },
        {
            "UID": 3475910452,
            "ParentUID": 1485690862,
            "Name": "Bip001 L Forearm",
            "Active": true,
            "Static": true,
            "Components": [
                {
                    "Type": 1,
                    "UID": 287139041,
                    "Position": [
                        2.3758387565612795,
                        -1.1920928955078126e-7,
                        4.76837158203125e-7
                    ],
                    "Rotation": [
                        -4.496210337379125e-8,
                        -1.59488688922238e-8,
                        -0.32770103216171267,
                        0.944781482219696
                    ],
                    "Scale": [
                        1.0,
                        1.0,
                        1.0
                    ],
                    "Transform": [
                        0.7852240800857544,
                        0.619211733341217,
                        -6.68135768933098e-10,
                        2.3758387565612795,
                        -0.619211733341217,
                        0.7852240800857544,
                        9.541165013615682e-8,
                        -1.1920928955078126e-7,
                        5.960464477539063e-8,
                        -7.450580596923828e-8,
                        1.0,
                        4.76837158203125e-7,
                        0.0,
                        0.0,
                        0.0,
                        1.0
                    ]
                },
                {
                    "Type": 6,
                    "UID": 1678891203,
                    "debugDraw": false,
                    "FBX": "Assets/Models/Skeleton@Idle.FBX",
                    "bone": "Bip001 L Forearm"
                }
            ]
        },
        {
            "UID": 338568722,
            "ParentUID": 3475910452,
            "Name": "Bip001 L Hand",
            "Active": true,
            "Static": true,
            "Components": [
                {
                    "Type": 1,
                    "UID": 1382687064,
                    "Position": [
                        1.8464140892028809,
                        2.384185791015625e-7,
                        -4.76837158203125e-7
                    ],
                    "Rotation": [
                        -0.18265564739704133,
                        0.04146294668316841,
                        0.10054332762956619,
                        0.9771432280540466
                    ],
                    "Scale": [
                        0.9999999403953552,
                        0.9999999403953552,
                        1.0
                    ],
                    "Transform": [
                        0.9763437509536743,
                        -0.21163734793663026,
                        0.0443008616566658,
                        1.8464140892028809,
                        0.18134358525276185,
                        0.9130558967590332,
                        0.3652990758419037,
                        2.384185791015625e-7,
                        -0.1177600845694542,
                        -0.34862378239631655,
                        0.9298354983329773,
                        -4.76837158203125e-7,
                        0.0,
                        0.0,
                        0.0,
                        1.0
                    ]
                },
                {
                    "Type": 6,
                    "UID": 2139049065,
                    "debugDraw": false,
                    "FBX": "Assets/Models/Skeleton@Idle.FBX",
                    "bone": "Bip001 L Hand"
                }
            ]
        },
        {
            "UID": 2737990227,
            "ParentUID": 338568722,
            "Name": "Bip001 L Finger0",
            "Active": true,
            "Static": true,
            "Components": [
                {
                    "Type": 1,
                    "UID": 4199868225,
                    "Position": [
                        0.9409470558166504,
                        0.08181166648864746,
                        -0.5803804397583008
                    ],
                    "Rotation": [
                        0.5826279520988464,
                        0.3940458297729492,
                        0.07198338210582733,
                        0.7071710824966431
                    ],
                    "Scale": [
                        1.0,
                        0.9999998211860657,
                        1.0
                    ],
                    "Transform": [
                        0.6790924668312073,
                        0.3573550283908844,
                        0.6411947011947632,
                        0.9409470558166504,
                        0.5609732866287231,
                        0.3107260465621948,
                        -0.7673057913780212,
                        0.08181166648864746,
                        -0.473436564207077,
                        0.8807645440101624,
                        0.010545134544372559,
                        -0.5803804397583008,
                        0.0,
                        0.0,
                        0.0,
                        1.0
                    ]
                },
                {
                    "Type": 6,
                    "UID": 3242389505,
                    "debugDraw": false,
                    "FBX": "Assets/Models/Skeleton@Idle.FBX",
                    "bone": "Bip001 L Finger0"
                }
            ]
        },
        {
            "UID": 1276339081,
            "ParentUID": 2737990227,
            "Name": "Bip001 L Finger01",
            "Active": true,
            "Static": true,
            "Components": [
                {
                    "Type": 1,
                    "UID": 5170297,
                    "Position": [
                        0.517244815826416,
                        0.0,
                        2.384185791015625e-7
                    ],
                    "Rotation": [
                        1.1681481337788569e-9,
                        -1.485530098932486e-8,
                        0.07839310169219971,
                        0.9969225525856018
                    ],
                    "Scale": [
                        1.0000001192092896,
                        1.0000001192092896,
                        1.0
                    ],
                    "Transform": [
                        0.9877091646194458,
                        -0.15630371868610383,
                        -2.9436019843842588e-8,
                        0.517244815826416,
                        0.15630371868610383,
                        0.9877091646194458,
                        -4.6582124824112729e-9,
                        0.0,
                        2.9802322387695315e-8,
                        0.0,
                        1.0,
                        2.384185791015625e-7,
                        0.0,
                        0.0,
                        0.0,
                        1.0
                    ]
                },
                {
                    "Type": 6,
                    "UID": 2810468773,
                    "debugDraw": false,
                    "FBX": "Assets/Models/Skeleton@Idle.FBX",
                    "bone": "Bip001 L Finger01"
                }
            ]
        },
        {
            "UID": 4072408262,
            "ParentUID": 1276339081,
            "Name": "Bip001 L Finger02",
            "Active": true,
            "Static": true,
            "Components": [
                {
                    "Type": 1,
                    "UID": 688407111,
                    "Position": [
                        0.30469512939453127,
                        -1.1920928955078126e-7,
                        -2.384185791015625e-7
                    ],
                    "Rotation": [
                        1.2104154123449007e-8,
                        1.7250465944584904e-8,
                        0.17268157005310059,
                        0.9849777221679688
                    ],
                    "Scale": [
                        1.0000001192092896,
                        1.0000001192092896,
                        1.0
                    ],
                    "Transform": [
                        0.940362274646759,
                        -0.3401750326156616,
                        3.8162976778721716e-8,
                        0.30469512939453127,
                        0.3401750326156616,
                        0.940362274646759,
                        -1.788696835092196e-8,
                        -1.1920928955078126e-7,
                        -2.9802322387695315e-8,
                        2.9802322387695315e-8,
                        1.0,
                        -2.384185791015625e-7,
                        0.0,
                        0.0,
                        0.0,
                        1.0
                    ]
                },
                {
                    "Type": 6,
                    "UID": 2238149721,
                    "debugDraw": false,
                    "FBX": "Assets/Models/Skeleton@Idle.FBX",
                    "bone": "Bip001 L Finger02"
                }
            ]
        },
        {
            "UID": 1504649315,
            "ParentUID": 338568722,
            "Name": "Bip001 L Finger1",
            "Active": true,
            "Static": true,
            "Components": [
                {
                    "Type": 1,
                    "UID": 2255425936,
                    "Position": [
                        1.7707762718200684,
                        0.0003604888916015625,
                        -0.0414586067199707
                    ],
                    "Rotation": [
                        -0.08671319484710694,
                        -0.06371613591909409,
                        0.1964249163866043,
                        0.9745965003967285
                    ],
                    "Scale": [
                        1.0,
                        1.0000001192092896,
                        0.9999998807907105
                    ],
                    "Transform": [
                        0.9147149920463562,
                        -0.3718200623989105,
                        -0.1582603007555008,
                        1.7707762718200684,
                        0.3939201235771179,
                        0.9077962636947632,
                        0.14398987591266633,
                        0.0003604888916015625,
                        0.0901297777891159,
                        -0.19405165314674378,
                        0.9768420457839966,
                        -0.0414586067199707,
                        0.0,
                        0.0,
                        0.0,
                        1.0
                    ]
                },
                {
                    "Type": 6,
                    "UID": 2660942584,
                    "debugDraw": false,
                    "FBX": "Assets/Models/Skeleton@Idle.FBX",
                    "bone": "Bip001 L Finger1"
                }
            ]
        },
        {
            "UID": 1621087076,
            "ParentUID": 1504649315,
            "Name": "Bip001 L Finger11",
            "Active": true,
            "Static": true,
            "Components": [
                {
                    "Type": 1,
                    "UID": 3349414370,
                    "Position": [
                        0.3415372371673584,
                        0.0,
                        0.0
                    ],
                    "Rotation": [
                        -0.08033394068479538,
                        -0.021903516724705697,
                        0.26213958859443667,
                        0.9614309668540955
                    ],
                    "Scale": [
                        1.0000001192092896,
                        1.0000001192092896,
                        1.0
                    ],
                    "Transform": [
                        0.861606240272522,
                        -0.500539243221283,
                        -0.08423486351966858,
                        0.3415372371673584,
                        0.5075775980949402,
                        0.8496586680412293,
                        0.14298754930496217,
                        0.0,
                        2.6077035641947078e-8,
                        -0.16595469415187837,
                        0.9861333966255188,
                        0.0,
                        0.0,
                        0.0,
                        0.0,
                        1.0
                    ]
                },
                {
                    "Type": 6,
                    "UID": 145016173,
                    "debugDraw": false,
                    "FBX": "Assets/Models/Skeleton@Idle.FBX",
                    "bone": "Bip001 L Finger11"
                }
            ]
        },
        {
            "UID": 501997690,
            "ParentUID": 1621087076,
            "Name": "Bip001 L Finger12",
            "Active": true,
            "Static": true,
            "Components": [
                {
                    "Type": 1,
                    "UID": 267663320,
                    "Position": [
                        0.25260353088378909,
                        -4.76837158203125e-7,
                        -4.76837158203125e-7
                    ],
                    "Rotation": [
                        -0.07959894835948944,
                        -0.02443983592092991,
                        0.29249438643455508,
                        0.9526351690292358
                    ],
                    "Scale": [
                        1.0,
                        0.9999999403953552,
                        0.9999999403953552
                    ],
                    "Transform": [
                        0.8276993632316589,
                        -0.5533900856971741,
                        -0.09312897175550461,
                        0.25260353088378909,
                        0.5611715912818909,
                        0.8162219524383545,
                        0.13736048340797425,
                        -4.76837158203125e-7,
                        3.725290076417309e-9,
                        -0.16595453023910523,
                        0.986133337020874,
                        -4.76837158203125e-7,
                        0.0,
                        0.0,
                        0.0,
                        1.0
                    ]
                },
                {
                    "Type": 6,
                    "UID": 1203755552,
                    "debugDraw": false,
                    "FBX": "Assets/Models/Skeleton@Idle.FBX",
                    "bone": "Bip001 L Finger12"
                }
            ]
        },
        {
            "UID": 1007521316,
            "ParentUID": 3017463987,
            "Name": "Bip001 Head",
            "Active": true,
            "Static": true,
            "Components": [
                {
                    "Type": 1,
                    "UID": 7583738,
                    "Position": [
                        1.1019048690795899,
                        0.0,
                        0.0
                    ],
                    "Rotation": [
