{
    "Game Objects": [
        {
            "UID": 30471862,
            "ParentUID": 0,
            "Name": "Camera",
            "Active": true,
            "Static": false,
            "Components": [
                {
                    "Type": 1,
                    "UID": 2710511834,
                    "Position": [
                        18.244211196899415,
                        5.949741840362549,
                        28.441267013549806
                    ],
                    "Rotation": [
                        0.0,
                        0.28371530771255495,
                        0.0,
                        0.9589085578918457
                    ],
                    "Scale": [
                        0.9999998807907105,
                        1.0,
                        0.9999998807907105
                    ],
                    "Transform": [
                        0.8390111327171326,
                        0.0,
                        0.5441140532493591,
                        18.244211196899415,
                        0.0,
                        1.0,
                        0.0,
                        5.949741840362549,
                        -0.5441140532493591,
                        0.0,
                        0.8390111327171326,
                        28.441267013549806,
                        0.0,
                        0.0,
                        0.0,
                        1.0
                    ]
                },
                {
                    "Type": 5,
                    "UID": 2185160599,
                    "Frustum Type": 2,
                    "Position": [
                        18.244211196899415,
                        5.949741840362549,
                        28.441267013549806
                    ],
                    "Front": [
                        -0.5441140532493591,
                        -0.0,
                        -0.8390111327171326
                    ],
                    "Up": [
                        0.0,
                        1.0,
                        0.0
                    ],
                    "Near Plane": 0.10000000149011612,
                    "Far Plane": 100.0,
                    "VFOV": 0.5235987901687622,
                    "Aspect Ratio": 1.7777777910232545,
                    "Culling": true
                }
            ]
        },
        {
            "UID": 1844769405,
            "ParentUID": 0,
            "Name": "Skeleton@Idle",
            "Active": true,
            "Static": true,
            "Components": [
                {
                    "Type": 1,
                    "UID": 870341227,
                    "Position": [
                        0.0,
                        0.0,
                        0.0
                    ],
                    "Rotation": [
                        0.0,
                        0.0,
                        0.0,
                        1.0
                    ],
                    "Scale": [
                        1.0,
                        1.0,
                        1.0
                    ],
                    "Transform": [
                        1.0,
                        0.0,
                        0.0,
                        0.0,
                        0.0,
                        1.0,
                        0.0,
                        0.0,
                        0.0,
                        0.0,
                        1.0,
                        0.0,
                        0.0,
                        0.0,
                        0.0,
                        1.0
                    ]
                },
                {
                    "Type": 4,
                    "UID": 2031269914,
                    "debugDraw": false,
                    "loop": true,
                    "walkFBX": "Assets/Models/Skeleton@Run.FBX",
                    "walkAnimation": "Take 001(7)",
                    "walkBlendTime": 0.5,
                    "attackFBX": "Assets/Models/Skeleton@Attack.FBX",
                    "attackAnimation": "Take 001(5)",
                    "attackBlendTime": 0.5,
                    "FBX": "Assets/Models/Skeleton@Idle.FBX",
                    "animation": "Take 001(6)"
                }
            ]
        },
        {
            "UID": 4282863400,
            "ParentUID": 1844769405,
            "Name": "Object02",
            "Active": true,
            "Static": true,
            "Components": [
                {
                    "Type": 1,
                    "UID": 751247471,
                    "Position": [
                        0.0,
                        0.0,
                        0.0
                    ],
                    "Rotation": [
                        -0.7071068286895752,
                        0.0,
                        0.0,
                        0.7071067094802856
                    ],
                    "Scale": [
                        1.0,
                        1.0,
                        1.0
                    ],
                    "Transform": [
                        1.0,
                        -0.0,
                        0.0,
                        0.0,
                        0.0,
                        5.960464477539063e-8,
                        0.9999999403953552,
                        0.0,
                        -0.0,
                        -0.9999999403953552,
                        5.960464477539063e-8,
                        0.0,
                        0.0,
                        0.0,
                        0.0,
                        1.0
                    ]
                },
                {
                    "Type": 2,
                    "UID": 818983912,
                    "FBX": "Assets/Models/Skeleton@Idle.FBX",
                    "mesh": "Skeleton@Idle_Mesh",
                    "Linker": [
                        2055797328,
                        4132886046,
                        1830045572,
                        2987993706,
                        3749578895,
                        1811466155,
                        949465310,
                        3941348895,
                        422809589,
                        3915667552,
                        3464548554,
                        3660358653,
                        4232827166,
                        4101625959,
                        3097367753,
                        2570536124,
                        1328438620,
                        2160208927,
                        399159727,
                        1704948842,
                        3213184253,
                        3816773005,
                        3909300069,
                        3768451405,
                        1852238301,
                        3561783007,
                        3056190738,
                        4237044801,
                        766035166,
                        49175311,
                        2238702137,
                        281833389,
                        2731591672,
                        1405846071
                    ]
                },
                {
                    "Type": 3,
                    "UID": 3162213402,
                    "originalFile": "Assets/Textures/Skeleton_D.png"
                }
            ]
        },
        {
            "UID": 1376721740,
            "ParentUID": 1844769405,
            "Name": "Object01",
            "Active": true,
            "Static": true,
            "Components": [
                {
                    "Type": 1,
                    "UID": 2685755136,
                    "Position": [
                        -5.929612159729004,
                        7.498818874359131,
                        0.4813067317008972
                    ],
                    "Rotation": [
                        -0.7071068286895752,
                        0.0,
                        0.0,
                        0.7071067094802856
                    ],
                    "Scale": [
                        1.0,
                        1.0,
                        1.0
                    ],
                    "Transform": [
                        1.0,
                        -0.0,
                        0.0,
                        -5.929612159729004,
                        0.0,
                        5.960464477539063e-8,
                        0.9999999403953552,
                        7.498818874359131,
                        -0.0,
                        -0.9999999403953552,
                        5.960464477539063e-8,
                        0.4813067317008972,
                        0.0,
                        0.0,
                        0.0,
                        1.0
                    ]
                },
                {
                    "Type": 2,
                    "UID": 2630121638,
                    "FBX": "Assets/Models/Skeleton@Idle.FBX",
                    "mesh": "Skeleton@Idle_Mesh(1)",
                    "Linker": [
                        2165493110
                    ]
                },
                {
                    "Type": 3,
                    "UID": 2319154865,
                    "originalFile": "Assets/Textures/Skeleton_D.png"
                }
            ]
        },
        {
            "UID": 830812705,
            "ParentUID": 1844769405,
            "Name": "Bip001",
            "Active": true,
            "Static": true,
            "Components": [
                {
                    "Type": 1,
                    "UID": 1680332230,
                    "Position": [
                        -0.3401670455932617,
                        5.953533172607422,
                        0.0
                    ],
                    "Rotation": [
                        -0.48628050088882449,
                        -0.34415432810783389,
                        -0.4479517638683319,
                        0.6666545271873474
                    ],
                    "Scale": [
                        1.0,
                        0.9999999403953552,
                        1.0
                    ],
                    "Transform": [
                        0.36179405450820925,
                        0.931969165802002,
                        -0.023203670978546144,
                        -0.3401670455932617,
                        -0.2625470757484436,
                        0.12574099004268647,
                        0.9566912651062012,
                        5.953533172607422,
                        0.8945245146751404,
                        -0.3400331139564514,
                        0.290178120136261,
                        0.0,
                        0.0,
                        0.0,
                        0.0,
                        1.0
                    ]
                }
            ]
        },
        {
            "UID": 2622046519,
            "ParentUID": 830812705,
            "Name": "Bip001 Prop1",
            "Active": true,
            "Static": true,
            "Components": [
                {
                    "Type": 1,
                    "UID": 1669931176,
                    "Position": [
                        4.263523101806641,
                        -2.1806881427764894,
                        -0.5709781646728516
                    ],
                    "Rotation": [
                        -0.27791592478752139,
                        0.7618180513381958,
                        0.012085100635886193,
                        0.5850213766098023
                    ],
                    "Scale": [
                        0.9999999403953552,
                        0.9999998807907105,
                        0.9999998211860657
                    ],
                    "Transform": [
                        -0.1610255241394043,
                        -0.437582790851593,
                        0.8846424221992493,
                        4.263523101806641,
                        -0.409302681684494,
                        0.8452333211898804,
                        0.343586802482605,
                        -2.1806881427764894,
                        -0.8980769515037537,
                        -0.3067602217197418,
                        -0.31520795822143557,
                        -0.5709781646728516,
                        0.0,
                        0.0,
                        0.0,
                        1.0
                    ]
                },
                {
                    "Type": 6,
                    "UID": 2165493110,
                    "debugDraw": false,
                    "FBX": "Assets/Models/Skeleton@Idle.FBX",
                    "bone": "Bip001 Prop1"
                }
            ]
        },
        {
            "UID": 2085614056,
            "ParentUID": 830812705,
            "Name": "Bip001 Footsteps",
            "Active": true,
            "Static": true,
            "Components": [
                {
                    "Type": 1,
                    "UID": 1632783589,
                    "Position": [
                        1.5627604722976685,
                        -0.7484485507011414,
                        -5.694519519805908
                    ],
                    "Rotation": [
                        -0.12754370272159577,
                        -0.07339587807655335,
                        0.5601035356521606,
                        0.8152482509613037
                    ],
                    "Scale": [
                        0.9999999403953552,
                        0.9999999403953552,
                        0.9999998807907105
                    ],
                    "Transform": [
                        0.3617941439151764,
                        -0.8945245146751404,
                        -0.2625470459461212,
                        1.5627604722976685,
                        0.931969165802002,
                        0.34003329277038576,
                        0.1257409304380417,
                        -0.7484485507011414,
                        -0.023203616961836816,
                        -0.290178120136261,
                        0.9566912055015564,
                        -5.694519519805908,
                        0.0,
                        0.0,
                        0.0,
                        1.0
                    ]
                }
            ]
        },
        {
            "UID": 1904914177,
            "ParentUID": 830812705,
            "Name": "Bip001 Pelvis",
            "Active": true,
            "Static": true,
            "Components": [
                {
                    "Type": 1,
                    "UID": 3338057137,
                    "Position": [
                        0.0,
                        0.0,
                        0.0
                    ],
                    "Rotation": [
                        -0.49999967217445376,
                        -0.5000004172325134,
                        -0.4999997019767761,
                        0.5000002980232239
                    ],
                    "Scale": [
                        1.0,
                        1.0,
                        0.9999999403953552
                    ],
                    "Transform": [
                        5.9604641222676949e-8,
                        0.9999998807907105,
                        -0.0000014901158920110902,
                        0.0,
                        0.0,
                        0.0000015497206504733186,
                        0.9999998211860657,
                        0.0,
                        0.9999998807907105,
                        0.0,
                        5.960463766996327e-8,
                        0.0,
                        0.0,
                        0.0,
                        0.0,
                        1.0
                    ]
                },
                {
                    "Type": 6,
                    "UID": 3464548554,
                    "debugDraw": false,
                    "FBX": "Assets/Models/Skeleton@Idle.FBX",
                    "bone": "Bip001 Pelvis"
                }
            ]
        },
        {
            "UID": 2959262461,
            "ParentUID": 1904914177,
            "Name": "Bip001 Spine",
            "Active": true,
            "Static": true,
            "Components": [
                {
                    "Type": 1,
                    "UID": 1239567843,
                    "Position": [
                        0.6278524398803711,
                        0.31800103187561037,
                        -2.086162567138672e-7
                    ],
                    "Rotation": [
                        -0.000002111966523443698,
                        -6.862942427687813e-7,
                        0.0003981292247772217,
                        0.9999999403953552
                    ],
                    "Scale": [
                        1.0000001192092896,
                        1.0,
                        1.0
                    ],
                    "Transform": [
                        0.9999998211860657,
                        -0.0007962583913467825,
                        -0.000001374270027554303,
                        0.6278524398803711,
                        0.0007962585077621043,
                        0.9999997019767761,
                        0.0000042233859858242799,
                        0.31800103187561037,
                        0.0000013709068298339844,
                        -0.0000042244791984558109,
                        1.0,
                        -2.086162567138672e-7,
                        0.0,
                        0.0,
                        0.0,
                        1.0
                    ]
                },
                {
                    "Type": 6,
                    "UID": 3660358653,
                    "debugDraw": false,
                    "FBX": "Assets/Models/Skeleton@Idle.FBX",
                    "bone": "Bip001 Spine"
                }
            ]
        },
        {
            "UID": 1522329574,
            "ParentUID": 2959262461,
            "Name": "Bip001 Spine1",
            "Active": true,
            "Static": true,
            "Components": [
                {
                    "Type": 1,
                    "UID": 3866879932,
                    "Position": [
                        1.7980303764343262,
                        -0.0013594627380371094,
                        -0.0004951357841491699
                    ],
                    "Rotation": [
                        0.19542096555233003,
                        -0.14988134801387788,
                        0.32489684224128725,
                        0.9131200909614563
                    ],
                    "Scale": [
                        0.9999999403953552,
                        0.9999998807907105,
                        0.9999998807907105
                    ],
                    "Transform": [
                        0.7439551949501038,
                        -0.6519195437431336,
                        -0.14673598110675813,
                        1.7980303764343262,
                        0.5347597002983093,
                        0.7125052809715271,
                        -0.45427748560905459,
                        -0.0013594627380371094,
                        0.4007025957107544,
                        0.2594936490058899,
                        0.8786923289299011,
                        -0.0004951357841491699,
                        0.0,
                        0.0,
                        0.0,
                        1.0
                    ]
                },
                {
                    "Type": 6,
                    "UID": 4232827166,
                    "debugDraw": false,
                    "FBX": "Assets/Models/Skeleton@Idle.FBX",
                    "bone": "Bip001 Spine1"
                }
            ]
        },
        {
            "UID": 619908163,
            "ParentUID": 1522329574,
            "Name": "Bip001 Neck",
            "Active": true,
            "Static": true,
            "Components": [
                {
                    "Type": 1,
                    "UID": 1583246208,
                    "Position": [
                        2.997201919555664,
                        -0.2343606948852539,
                        -2.384185791015625e-7
                    ],
                    "Rotation": [
                        -0.03127382695674896,
                        0.1998259425163269,
                        0.15219809114933015,
                        0.9674333333969116
                    ],
                    "Scale": [
                        1.0000001192092896,
                        1.0,
                        1.0
                    ],
                    "Transform": [
                        0.8738107681274414,
                        -0.3069816529750824,
                        0.3771169185638428,
                        2.997201919555664,
                        0.2819843888282776,
                        0.951715350151062,
                        0.1213369369506836,
                        -0.2343606948852539,
                        -0.3961562514305115,
                        0.00031556934118270874,
                        0.9181830883026123,
                        -2.384185791015625e-7,
                        0.0,
                        0.0,
                        0.0,
                        1.0
                    ]
                },
                {
                    "Type": 6,
                    "UID": 1405846071,
                    "debugDraw": false,
                    "FBX": "Assets/Models/Skeleton@Idle.FBX",
                    "bone": "Bip001 Neck"
                }
            ]
        },
        {
            "UID": 2539978777,
            "ParentUID": 619908163,
            "Name": "Bip001 R Clavicle",
            "Active": true,
            "Static": true,
            "Components": [
                {
                    "Type": 1,
                    "UID": 4094541990,
                    "Position": [
                        0.267880916595459,
                        -0.09735870361328125,
                        -0.8784301280975342
                    ],
                    "Rotation": [
                        -0.6390175819396973,
                        -0.064629927277565,
                        0.7450319528579712,
                        0.18001922965049745
                    ],
                    "Scale": [
                        1.0000001192092896,
                        0.9999999403953552,
                        0.9999998807907105
                    ],
                    "Transform": [
                        -0.11849929392337799,
                        -0.1856408417224884,
                        -0.9754461646080017,
                        0.267880916595459,
                        0.3508394956588745,
                        -0.9268321990966797,
                        0.13376815617084504,
                        -0.09735870361328125,
                        -0.9289079308509827,
                        -0.3263736367225647,
                        0.1749589890241623,
                        -0.8784301280975342,
                        0.0,
                        0.0,
                        0.0,
                        1.0
                    ]
                },
                {
                    "Type": 6,
                    "UID": 2160208927,
                    "debugDraw": false,
                    "FBX": "Assets/Models/Skeleton@Idle.FBX",
                    "bone": "Bip001 R Clavicle"
                }
            ]
        },
        {
            "UID": 863747407,
            "ParentUID": 2539978777,
            "Name": "Bip001 R UpperArm",
            "Active": true,
            "Static": true,
            "Components": [
                {
                    "Type": 1,
                    "UID": 3422735429,
                    "Position": [
                        0.9862542152404785,
                        -4.76837158203125e-7,
                        4.76837158203125e-7
                    ],
                    "Rotation": [
                        0.4713249206542969,
                        -0.3375435471534729,
                        -0.10737016052007675,
                        0.8077059388160706
                    ],
                    "Scale": [
                        1.0,
                        1.0000001192092896,
                        1.0
                    ],
                    "Transform": [
                        0.7490719556808472,
                        -0.1447383165359497,
                        -0.6464843153953552,
                        0.9862542152404785,
                        -0.4916323721408844,
                        0.5326491594314575,
                        -0.688899576663971,
                        -4.76837158203125e-7,
                        0.44405943155288699,
                        0.833868145942688,
                        0.32783448696136477,
                        4.76837158203125e-7,
                        0.0,
                        0.0,
                        0.0,
                        1.0
                    ]
                },
                {
                    "Type": 6,
                    "UID": 399159727,
                    "debugDraw": false,
                    "FBX": "Assets/Models/Skeleton@Idle.FBX",
                    "bone": "Bip001 R UpperArm"
                }
            ]
        },
        {
            "UID": 2106667819,
            "ParentUID": 863747407,
            "Name": "Bip001 R Forearm",
            "Active": true,
            "Static": true,
            "Components": [
                {
                    "Type": 1,
                    "UID": 227192773,
                    "Position": [
                        2.375837802886963,
                        3.5762786865234377e-7,
                        4.76837158203125e-7
                    ],
                    "Rotation": [
                        1.2172488794703895e-8,
                        4.3014335204816237e-8,
                        -0.27229389548301699,
                        0.9622141122817993
                    ],
                    "Scale": [
                        0.9999997615814209,
                        0.9999997615814209,
                        1.0
                    ],
                    "Transform": [
                        0.8517118692398071,
                        0.5240099430084229,
                        7.614901420538445e-8,
                        2.375837802886963,
                        -0.5240099430084229,
                        0.8517118692398071,
                        -4.685016108396667e-8,
                        3.5762786865234377e-7,
                        -8.940696716308594e-8,
                        -3.5527128317675538e-15,
                        1.0,
                        4.76837158203125e-7,
                        0.0,
                        0.0,
                        0.0,
                        1.0
                    ]
                },
                {
                    "Type": 6,
                    "UID": 3768451405,
                    "debugDraw": false,
                    "FBX": "Assets/Models/Skeleton@Idle.FBX",
                    "bone": "Bip001 R Forearm"
                }
            ]
        },
        {
            "UID": 2734150717,
            "ParentUID": 2106667819,
            "Name": "Bip001 R Hand",
            "Active": true,
            "Static": true,
            "Components": [
                {
                    "Type": 1,
                    "UID": 952147647,
                    "Position": [
                        1.84641432762146,
                        -9.5367431640625e-7,
                        0.0
                    ],
                    "Rotation": [
                        0.5602365136146545,
                        0.06963124871253967,
                        0.16953536868095399,
                        0.807802140712738
                    ],
                    "Scale": [
                        0.9999999403953552,
                        0.9999999403953552,
                        1.0
                    ],
                    "Transform": [
                        0.9328184127807617,
                        -0.1958821415901184,
                        0.3024562895298004,
                        1.84641432762146,
                        0.351921945810318,
                        0.31478577852249148,
                        -0.8815104365348816,
                        -9.5367431640625e-7,
                        0.07746320217847824,
                        0.9287304282188416,
                        0.36257317662239077,
                        0.0,
                        0.0,
                        0.0,
                        0.0,
                        1.0
                    ]
                },
                {
                    "Type": 6,
                    "UID": 1852238301,
                    "debugDraw": false,
                    "FBX": "Assets/Models/Skeleton@Idle.FBX",
                    "bone": "Bip001 R Hand"
                }
            ]
        },
        {
            "UID": 2744969144,
            "ParentUID": 2734150717,
            "Name": "Bip001 R Finger1",
            "Active": true,
            "Static": true,
            "Components": [
                {
                    "Type": 1,
                    "UID": 1583339622,
                    "Position": [
                        1.7707757949829102,
                        0.0003604888916015625,
                        0.0414586067199707
                    ],
                    "Rotation": [
                        0.005107655189931393,
                        0.19857686758041383,
                        0.39499667286872866,
                        0.8969497084617615
                    ],
                    "Scale": [
                        0.9999998807907105,
                        0.9999998211860657,
                        1.0
                    ],
                    "Transform": [
                        0.6090896725654602,
                        -0.7065556049346924,
                        0.3602619171142578,
                        1.7707757949829102,
                        0.7106127738952637,
                        0.6879028677940369,
                        0.14771176874637605,
                        0.0003604888916015625,
                        -0.35219186544418337,
                        0.16603697836399079,
                        0.9210821390151978,
                        0.0414586067199707,
                        0.0,
                        0.0,
                        0.0,
                        1.0
                    ]
                },
                {
                    "Type": 6,
                    "UID": 766035166,
                    "debugDraw": false,
                    "FBX": "Assets/Models/Skeleton@Idle.FBX",
                    "bone": "Bip001 R Finger1"
                }
            ]
        },
        {
            "UID": 2163573,
            "ParentUID": 2744969144,
            "Name": "Bip001 R Finger11",
            "Active": true,
            "Static": true,
            "Components": [
                {
                    "Type": 1,
                    "UID": 1080250973,
                    "Position": [
                        0.3415374755859375,
                        -2.384185791015625e-7,
                        2.384185791015625e-7
                    ],
                    "Rotation": [
                        -2.6954575460536036e-8,
                        -1.2713353036986064e-8,
                        0.42658933997154238,
                        0.9044454097747803
                    ],
                    "Scale": [
                        1.0,
                        1.0,
                        0.9999999403953552
                    ],
                    "Transform": [
                        0.6360429525375366,
                        -0.7716535329818726,
                        -4.599413472305969e-8,
                        0.3415374755859375,
                        0.7716535329818726,
                        0.6360429525375366,
                        3.791112135331787e-8,
                        -2.384185791015625e-7,
                        -7.105426934084528e-15,
                        -5.9604641222676949e-8,
                        0.9999999403953552,
                        2.384185791015625e-7,
                        0.0,
                        0.0,
                        0.0,
                        1.0
                    ]
                },
                {
                    "Type": 6,
                    "UID": 49175311,
                    "debugDraw": false,
                    "FBX": "Assets/Models/Skeleton@Idle.FBX",
                    "bone": "Bip001 R Finger11"
                }
            ]
        },
        {
            "UID": 1475149819,
            "ParentUID": 2163573,
            "Name": "Bip001 R Finger12",
            "Active": true,
            "Static": true,
            "Components": [
                {
                    "Type": 1,
                    "UID": 2493103129,
                    "Position": [
                        0.25260305404663088,
                        0.0,
                        -1.1920928955078126e-7
                    ],
                    "Rotation": [
                        9.073082729571525e-9,
                        4.115866758525044e-8,
                        0.5383067727088928,
                        0.8427489399909973
                    ],
                    "Scale": [
                        1.0000001192092896,
                        1.0000001192092896,
                        1.0
                    ],
                    "Transform": [
                        0.42045170068740847,
                        -0.9073150157928467,
                        7.914104571682401e-8,
                        0.25260305404663088,
                        0.9073150157928467,
                        0.42045170068740847,
                        2.9019318503742398e-8,
                        0.0,
                        -5.960464477539063e-8,
                        5.960464477539063e-8,
                        1.0,
                        -1.1920928955078126e-7,
                        0.0,
                        0.0,
                        0.0,
                        1.0
                    ]
                },
                {
                    "Type": 6,
                    "UID": 3056190738,
                    "debugDraw": false,
                    "FBX": "Assets/Models/Skeleton@Idle.FBX",
                    "bone": "Bip001 R Finger12"
                }
            ]
        },
        {
            "UID": 2214004278,
            "ParentUID": 2734150717,
            "Name": "Bip001 R Finger0",
            "Active": true,
            "Static": true,
            "Components": [
                {
                    "Type": 1,
                    "UID": 1809928652,
                    "Position": [
                        0.9409465789794922,
                        0.08181190490722656,
                        0.5803805589675903
                    ],
                    "Rotation": [
                        -0.5531934499740601,
                        -0.34493881464004519,
                        0.19145210087299348,
                        0.7337167859077454
                    ],
                    "Scale": [
                        0.9999998807907105,
                        0.9999999403953552,
                        1.0
                    ],
                    "Transform": [
                        0.6887266039848328,
                        0.1006925031542778,
                        -0.717994749546051,
                        0.9409465789794922,
                        0.6625788807868958,
                        0.31464633345603945,
                        0.6796960830688477,
                        0.08181190490722656,
                        0.29435473680496218,
                        -0.9438530206680298,
                        0.14998863637447358,
                        0.5803805589675903,
                        0.0,
                        0.0,
                        0.0,
                        1.0
                    ]
                },
                {
                    "Type": 6,
                    "UID": 3561783007,
                    "debugDraw": false,
                    "FBX": "Assets/Models/Skeleton@Idle.FBX",
                    "bone": "Bip001 R Finger0"
                }
            ]
        },
        {
            "UID": 3765758496,
            "ParentUID": 2214004278,
            "Name": "Bip001 R Finger01",
            "Active": true,
            "Static": true,
            "Components": [
                {
                    "Type": 1,
                    "UID": 627233495,
                    "Position": [
                        0.517244815826416,
                        0.0,
                        -4.76837158203125e-7
                    ],
                    "Rotation": [
                        -3.4776475033027056e-9,
                        1.4489670796535848e-8,
                        0.233380988240242,
                        0.9723853468894959
                    ],
                    "Scale": [
                        1.0,
                        1.0,
                        0.9999998807907105
                    ],
                    "Transform": [
                        0.8910666108131409,
                        -0.4538725018501282,
                        2.6555850851650577e-8,
                        0.517244815826416,
                        0.4538725018501282,
                        0.8910666108131409,
                        1.3526452846690518e-8,
                        0.0,
                        -2.9802320611338474e-8,
                        0.0,
                        0.9999998807907105,
                        -4.76837158203125e-7,
                        0.0,
                        0.0,
                        0.0,
                        1.0
                    ]
                },
                {
                    "Type": 6,
                    "UID": 2238702137,
                    "debugDraw": false,
                    "FBX": "Assets/Models/Skeleton@Idle.FBX",
                    "bone": "Bip001 R Finger01"
                }
            ]
        },
        {
            "UID": 3903389891,
            "ParentUID": 3765758496,
            "Name": "Bip001 R Finger02",
            "Active": true,
            "Static": true,
            "Components": [
                {
                    "Type": 1,
                    "UID": 150931322,
                    "Position": [
                        0.30469512939453127,
                        7.152557373046875e-7,
                        7.152557373046875e-7
                    ],
                    "Rotation": [
                        -6.128239959934945e-8,
                        4.3846961617077799e-9,
                        0.17268146574497224,
                        0.9849777221679688
                    ],
                    "Scale": [
                        0.9999998807907105,
                        1.0,
                        1.0
                    ],
                    "Transform": [
                        0.9403620958328247,
                        -0.3401747941970825,
                        -1.2527014092711397e-8,
                        0.30469512939453127,
                        0.34017476439476015,
                        0.9403622150421143,
