{
    "Game Objects": [
        {
            "UID": 2220641947,
            "ParentUID": 0,
            "Name": "Skeleton@Idle",
            "Active": true,
            "Static": true,
            "Components": [
                {
                    "Type": 1,
                    "UID": 3546935877,
                    "Position": [
                        0.0,
                        0.0,
                        0.0
                    ],
                    "Rotation": [
                        0.0,
                        0.0,
                        0.0,
                        1.0
                    ],
                    "Scale": [
                        1.0,
                        1.0,
                        1.0
                    ],
                    "Transform": [
                        1.0,
                        0.0,
                        0.0,
                        0.0,
                        0.0,
                        1.0,
                        0.0,
                        0.0,
                        0.0,
                        0.0,
                        1.0,
                        0.0,
                        0.0,
                        0.0,
                        0.0,
                        1.0
                    ]
                },
                {
                    "Type": 4,
                    "UID": 3103786131,
                    "debugDraw": false,
                    "loop": true,
                    "FBX": "Assets/Skeleton@Walk.FBX",
                    "animation": "Take 001(9)"
                }
            ]
        },
        {
            "UID": 1091957684,
            "ParentUID": 2220641947,
            "Name": "Bip001",
            "Active": true,
            "Static": true,
            "Components": [
                {
                    "Type": 1,
                    "UID": 4172840557,
                    "Position": [
                        -0.3401670455932617,
                        5.953533172607422,
                        0.0
                    ],
                    "Rotation": [
                        -0.48628050088882449,
                        -0.34415432810783389,
                        -0.4479517638683319,
                        0.6666545271873474
                    ],
                    "Scale": [
                        1.0,
                        0.9999999403953552,
                        1.0
                    ],
                    "Transform": [
                        0.36179405450820925,
                        0.931969165802002,
                        -0.023203670978546144,
                        -0.3401670455932617,
                        -0.2625470757484436,
                        0.12574099004268647,
                        0.9566912651062012,
                        5.953533172607422,
                        0.8945245146751404,
                        -0.3400331139564514,
                        0.290178120136261,
                        0.0,
                        0.0,
                        0.0,
                        0.0,
                        1.0
                    ]
                }
            ]
        },
        {
            "UID": 1424626817,
            "ParentUID": 1091957684,
            "Name": "Bip001 Pelvis",
            "Active": true,
            "Static": true,
            "Components": [
                {
                    "Type": 1,
                    "UID": 615595173,
                    "Position": [
                        0.0,
                        0.0,
                        0.0
                    ],
                    "Rotation": [
                        -0.49999967217445376,
                        -0.5000004172325134,
                        -0.4999997019767761,
                        0.5000002980232239
                    ],
                    "Scale": [
                        1.0,
                        1.0,
                        0.9999999403953552
                    ],
                    "Transform": [
                        5.960463766996327e-8,
                        0.9999997019767761,
                        -0.0000014901158920110902,
                        0.0,
                        0.0,
                        0.000001549720423099643,
                        0.9999998211860657,
                        0.0,
                        0.9999998211860657,
                        0.0,
                        5.960463766996327e-8,
                        0.0,
                        0.0,
                        0.0,
                        0.0,
                        1.0
                    ]
                },
                {
                    "Type": 6,
                    "UID": 2066013898,
                    "debugDraw": false,
                    "FBX": "Assets/Skeleton@Idle.FBX",
                    "bone": "Bip001 Pelvis"
                }
            ]
        },
        {
            "UID": 47654239,
            "ParentUID": 1424626817,
            "Name": "Bip001 Spine",
            "Active": true,
            "Static": true,
            "Components": [
                {
                    "Type": 1,
                    "UID": 3824350459,
                    "Position": [
                        0.6278524398803711,
                        0.31800103187561037,
                        -2.086162567138672e-7
                    ],
                    "Rotation": [
                        -0.000002111966523443698,
                        -6.862942427687813e-7,
                        0.0003981292247772217,
                        0.9999999403953552
                    ],
                    "Scale": [
                        1.0000001192092896,
                        1.0,
                        1.0
                    ],
                    "Transform": [
                        0.9952003359794617,
                        -0.09007800370454788,
                        0.038238298147916797,
                        0.6279807090759277,
                        0.0836143046617508,
                        0.9857500791549683,
                        0.14596383273601533,
                        0.318021297454834,
                        -0.05084152892231941,
                        -0.14206597208976746,
                        0.9885507822036743,
                        0.0002034306526184082,
                        0.0,
                        0.0,
                        0.0,
                        1.0
                    ]
                },
                {
                    "Type": 6,
                    "UID": 720528909,
                    "debugDraw": false,
                    "FBX": "Assets/Skeleton@Idle.FBX",
                    "bone": "Bip001 Spine"
                }
            ]
        },
        {
            "UID": 279902213,
            "ParentUID": 47654239,
            "Name": "Bip001 Spine1",
            "Active": true,
            "Static": true,
            "Components": [
                {
                    "Type": 1,
                    "UID": 2567725183,
                    "Position": [
                        1.7980303764343262,
                        -0.0013594627380371094,
                        -0.0004951357841491699
                    ],
                    "Rotation": [
                        0.19542096555233003,
                        -0.14988134801387788,
                        0.32489684224128725,
                        0.9131200909614563
                    ],
                    "Scale": [
                        0.9999999403953552,
                        0.9999998807907105,
                        0.9999998807907105
                    ],
                    "Transform": [
                        0.752417266368866,
                        -0.6514681577682495,
                        0.09724891930818558,
                        1.7980303764343262,
                        0.6562223434448242,
                        0.7541465759277344,
                        -0.02519887685775757,
                        -0.001439213752746582,
                        -0.05692368373274803,
                        0.0827769935131073,
                        0.994940996170044,
                        -0.00015795230865478516,
                        0.0,
                        0.0,
                        0.0,
                        1.0
                    ]
                },
                {
                    "Type": 6,
                    "UID": 2701404742,
                    "debugDraw": false,
                    "FBX": "Assets/Skeleton@Idle.FBX",
                    "bone": "Bip001 Spine1"
                }
            ]
        },
        {
            "UID": 4210081859,
            "ParentUID": 279902213,
            "Name": "Bip001 Neck",
            "Active": true,
            "Static": true,
            "Components": [
                {
                    "Type": 1,
                    "UID": 1259326727,
                    "Position": [
                        2.997201919555664,
                        -0.2343606948852539,
                        -2.384185791015625e-7
                    ],
                    "Rotation": [
                        -0.03127382695674896,
                        0.1998259425163269,
                        0.15219809114933015,
                        0.9674333333969116
                    ],
                    "Scale": [
                        1.0000001192092896,
                        1.0,
                        1.0
                    ],
                    "Transform": [
                        0.9902925491333008,
                        -0.1090431958436966,
                        -0.08619870245456696,
                        2.997028350830078,
                        0.06676992774009705,
                        0.9170889854431152,
                        -0.39305171370506289,
                        -0.2343287467956543,
                        0.12191148102283478,
                        0.3834806978702545,
                        0.9154672026634216,
                        -0.00033670663833618164,
                        0.0,
                        0.0,
                        0.0,
                        1.0
                    ]
                },
                {
                    "Type": 6,
                    "UID": 1287493240,
                    "debugDraw": false,
                    "FBX": "Assets/Skeleton@Idle.FBX",
                    "bone": "Bip001 Neck"
                }
            ]
        },
        {
            "UID": 2525220494,
            "ParentUID": 4210081859,
            "Name": "Bip001 R Clavicle",
            "Active": true,
            "Static": true,
            "Components": [
                {
                    "Type": 1,
                    "UID": 1204578949,
                    "Position": [
                        0.267880916595459,
                        -0.09735870361328125,
                        -0.8784301280975342
                    ],
                    "Rotation": [
                        -0.6390175819396973,
                        -0.064629927277565,
                        0.7450319528579712,
                        0.18001922965049745
                    ],
                    "Scale": [
                        1.0000001192092896,
                        0.9999999403953552,
                        0.9999998807907105
                    ],
                    "Transform": [
                        -0.5045405030250549,
                        -0.0950450599193573,
                        -0.8581407070159912,
                        -0.18597126007080079,
                        -0.0909809097647667,
                        -0.9825358390808106,
                        0.1623145341873169,
                        -0.4560360908508301,
                        -0.8585811853408814,
                        0.15996865928173066,
                        0.48708170652389529,
                        -0.7808295488357544,
                        0.0,
                        0.0,
                        0.0,
                        1.0
                    ]
                },
                {
                    "Type": 6,
                    "UID": 3117626390,
                    "debugDraw": false,
                    "FBX": "Assets/Skeleton@Idle.FBX",
                    "bone": "Bip001 R Clavicle"
                }
            ]
        },
        {
            "UID": 1027792737,
            "ParentUID": 2525220494,
            "Name": "Bip001 R UpperArm",
            "Active": true,
            "Static": true,
            "Components": [
                {
                    "Type": 1,
                    "UID": 2343099966,
                    "Position": [
                        0.9862542152404785,
                        -4.76837158203125e-7,
                        4.76837158203125e-7
                    ],
                    "Rotation": [
                        0.4713249206542969,
                        -0.3375435471534729,
                        -0.10737016052007675,
                        0.8077059388160706
                    ],
                    "Scale": [
                        1.0,
                        1.0000001192092896,
                        1.0
                    ],
                    "Transform": [
                        0.6452044248580933,
                        -0.233556866645813,
                        -0.7274355292320252,
                        0.9862539768218994,
                        -0.19298866391181947,
                        0.8714293241500855,
                        -0.4509615898132324,
                        -9.5367431640625e-7,
                        0.7392337918281555,
                        0.4313492178916931,
                        0.5171762704849243,
                        0.0,
                        0.0,
                        0.0,
                        0.0,
                        1.0
                    ]
                },
                {
                    "Type": 6,
                    "UID": 2499422169,
                    "debugDraw": false,
                    "FBX": "Assets/Skeleton@Idle.FBX",
                    "bone": "Bip001 R UpperArm"
                }
            ]
        },
        {
            "UID": 236242171,
            "ParentUID": 1027792737,
            "Name": "Bip001 R Forearm",
            "Active": true,
            "Static": true,
            "Components": [
                {
                    "Type": 1,
                    "UID": 1353490643,
                    "Position": [
                        2.375837802886963,
                        3.5762786865234377e-7,
                        4.76837158203125e-7
                    ],
                    "Rotation": [
                        1.2172488794703895e-8,
                        4.3014335204816237e-8,
                        -0.27229389548301699,
                        0.9622141122817993
                    ],
                    "Scale": [
                        0.9999997615814209,
                        0.9999997615814209,
                        1.0
                    ],
                    "Transform": [
                        0.917422890663147,
                        0.3979138433933258,
                        -8.202397339118761e-8,
                        2.3758387565612795,
                        -0.39791393280029299,
                        0.9174227118492127,
                        3.557626371275546e-8,
                        -4.76837158203125e-7,
                        8.940696005765858e-8,
                        0.0,
                        1.0,
                        -4.76837158203125e-7,
                        0.0,
                        0.0,
                        0.0,
                        1.0
                    ]
                },
                {
                    "Type": 6,
                    "UID": 3161813405,
                    "debugDraw": false,
                    "FBX": "Assets/Skeleton@Idle.FBX",
                    "bone": "Bip001 R Forearm"
                }
            ]
        },
        {
            "UID": 3768979126,
            "ParentUID": 236242171,
            "Name": "Bip001 R Hand",
            "Active": true,
            "Static": true,
            "Components": [
                {
                    "Type": 1,
                    "UID": 984726432,
                    "Position": [
                        1.84641432762146,
                        -9.5367431640625e-7,
                        0.0
                    ],
                    "Rotation": [
                        0.5602365136146545,
                        0.06963124871253967,
                        0.16953536868095399,
                        0.807802140712738
                    ],
                    "Scale": [
                        0.9999999403953552,
                        0.9999999403953552,
                        1.0
                    ],
                    "Transform": [
                        0.932031512260437,
                        0.34119194746017458,
                        0.12208741903305054,
                        1.8464140892028809,
                        0.20075634121894837,
                        -0.20567616820335389,
                        -0.9578069448471069,
                        0.0,
                        -0.3016856014728546,
                        0.9172160029411316,
                        -0.2601930797100067,
                        0.0,
                        0.0,
                        0.0,
                        0.0,
                        1.0
                    ]
                },
                {
                    "Type": 6,
                    "UID": 2446800635,
                    "debugDraw": false,
                    "FBX": "Assets/Skeleton@Idle.FBX",
                    "bone": "Bip001 R Hand"
                }
            ]
        },
        {
            "UID": 2378278469,
            "ParentUID": 3768979126,
            "Name": "Bip001 R Finger0",
            "Active": true,
            "Static": true,
            "Components": [
                {
                    "Type": 1,
                    "UID": 2093071336,
                    "Position": [
                        0.9409465789794922,
                        0.08181190490722656,
                        0.5803805589675903
                    ],
                    "Rotation": [
                        -0.5531934499740601,
                        -0.34493881464004519,
                        0.19145210087299348,
                        0.7337167859077454
                    ],
                    "Scale": [
                        0.9999998807907105,
                        0.9999999403953552,
                        1.0
                    ],
                    "Transform": [
                        0.688726544380188,
                        0.10069259256124497,
                        -0.7179948687553406,
                        0.9409463405609131,
                        0.6625790596008301,
                        0.31464633345603945,
                        0.6796960234642029,
                        0.08181190490722656,
                        0.2943548858165741,
                        -0.9438530802726746,
                        0.14998851716518403,
                        0.580380916595459,
                        0.0,
                        0.0,
                        0.0,
                        1.0
                    ]
                },
                {
                    "Type": 6,
                    "UID": 3498831371,
                    "debugDraw": false,
                    "FBX": "Assets/Skeleton@Idle.FBX",
                    "bone": "Bip001 R Finger0"
                }
            ]
        },
        {
            "UID": 2611146558,
            "ParentUID": 2378278469,
            "Name": "Bip001 R Finger01",
            "Active": true,
            "Static": true,
            "Components": [
                {
                    "Type": 1,
                    "UID": 566913117,
                    "Position": [
                        0.517244815826416,
                        0.0,
                        -4.76837158203125e-7
                    ],
                    "Rotation": [
                        -3.4776475033027056e-9,
                        1.4489670796535848e-8,
                        0.233380988240242,
                        0.9723853468894959
                    ],
                    "Scale": [
                        1.0,
                        1.0,
                        0.9999998807907105
                    ],
                    "Transform": [
                        0.89106684923172,
                        -0.4538726508617401,
                        0.0,
                        0.5172443389892578,
                        0.4538726508617401,
                        0.89106684923172,
                        0.0,
                        2.384185791015625e-7,
                        0.0,
                        0.0,
                        1.0,
                        2.384185791015625e-7,
                        0.0,
                        0.0,
                        0.0,
                        1.0
                    ]
                },
                {
                    "Type": 6,
                    "UID": 1636506772,
                    "debugDraw": false,
                    "FBX": "Assets/Skeleton@Idle.FBX",
                    "bone": "Bip001 R Finger01"
                }
            ]
        },
        {
            "UID": 3533008418,
            "ParentUID": 2611146558,
            "Name": "Bip001 R Finger02",
            "Active": true,
            "Static": true,
            "Components": [
                {
                    "Type": 1,
                    "UID": 1086630567,
                    "Position": [
                        0.30469512939453127,
                        7.152557373046875e-7,
                        7.152557373046875e-7
                    ],
                    "Rotation": [
                        -6.128239959934945e-8,
                        4.3846961617077799e-9,
                        0.17268146574497224,
                        0.9849777221679688
                    ],
                    "Scale": [
                        0.9999998807907105,
                        1.0,
                        1.0
                    ],
                    "Transform": [
                        0.9403622150421143,
                        -0.3401746451854706,
                        -7.049075101406288e-9,
                        0.30469560623168948,
                        0.3401746451854706,
                        0.9403621554374695,
                        1.948611938473732e-8,
                        -2.384185791015625e-7,
                        0.0,
                        -2.0721927285194398e-8,
                        0.9999998807907105,
                        -4.76837158203125e-7,
                        0.0,
                        0.0,
                        0.0,
                        1.0
                    ]
                },
                {
                    "Type": 6,
                    "UID": 2864776059,
                    "debugDraw": false,
                    "FBX": "Assets/Skeleton@Idle.FBX",
                    "bone": "Bip001 R Finger02"
                }
            ]
        },
        {
            "UID": 2017058171,
            "ParentUID": 3768979126,
            "Name": "Bip001 R Finger1",
            "Active": true,
            "Static": true,
            "Components": [
                {
                    "Type": 1,
                    "UID": 2240161542,
                    "Position": [
                        1.7707757949829102,
                        0.0003604888916015625,
                        0.0414586067199707
                    ],
                    "Rotation": [
                        0.005107655189931393,
                        0.19857686758041383,
                        0.39499667286872866,
                        0.8969497084617615
                    ],
                    "Scale": [
                        0.9999998807907105,
                        0.9999998211860657,
                        1.0
                    ],
                    "Transform": [
                        0.6090898513793945,
                        -0.7065555453300476,
                        0.3602619469165802,
                        1.7707756757736207,
                        0.7106127738952637,
                        0.687903106212616,
                        0.14771157503128053,
                        0.0003604888916015625,
                        -0.3521917760372162,
                        0.16603712737560273,
                        0.9210823178291321,
                        0.041458964347839358,
                        0.0,
                        0.0,
                        0.0,
                        1.0
                    ]
                },
                {
                    "Type": 6,
                    "UID": 4197972658,
                    "debugDraw": false,
                    "FBX": "Assets/Skeleton@Idle.FBX",
                    "bone": "Bip001 R Finger1"
                }
            ]
        },
        {
            "UID": 2894803553,
            "ParentUID": 2017058171,
            "Name": "Bip001 R Finger11",
            "Active": true,
            "Static": true,
            "Components": [
                {
                    "Type": 1,
                    "UID": 2805101168,
                    "Position": [
                        0.3415374755859375,
                        -2.384185791015625e-7,
                        2.384185791015625e-7
                    ],
                    "Rotation": [
                        -2.6954575460536036e-8,
                        -1.2713353036986064e-8,
                        0.42658933997154238,
                        0.9044454097747803
                    ],
                    "Scale": [
                        1.0,
                        1.0,
                        0.9999999403953552
                    ],
                    "Transform": [
                        0.636043131351471,
                        -0.7716532945632935,
                        1.2181638453512279e-7,
                        0.3415374755859375,
                        0.7716533541679382,
                        0.6360430121421814,
                        5.407711967109208e-8,
                        0.0,
                        -1.1920928955078126e-7,
                        5.960464477539063e-8,
                        0.9999998807907105,
                        -1.1920928955078126e-7,
                        0.0,
                        0.0,
                        0.0,
                        1.0
                    ]
                },
                {
                    "Type": 6,
                    "UID": 189059807,
                    "debugDraw": false,
                    "FBX": "Assets/Skeleton@Idle.FBX",
                    "bone": "Bip001 R Finger11"
                }
            ]
        },
        {
            "UID": 2246932141,
            "ParentUID": 2894803553,
            "Name": "Bip001 R Finger12",
            "Active": true,
            "Static": true,
            "Components": [
                {
                    "Type": 1,
                    "UID": 288453868,
                    "Position": [
                        0.25260305404663088,
                        0.0,
                        -1.1920928955078126e-7
                    ],
                    "Rotation": [
                        9.073082729571525e-9,
                        4.115866758525044e-8,
                        0.5383067727088928,
                        0.8427489399909973
                    ],
                    "Scale": [
                        1.0000001192092896,
                        1.0000001192092896,
                        1.0
                    ],
                    "Transform": [
                        0.4204515814781189,
                        -0.9073150157928467,
                        -8.112026961271113e-8,
                        0.25260353088378909,
                        0.9073147773742676,
                        0.42045170068740847,
                        3.759130251523857e-8,
                        1.1920928955078126e-7,
                        0.0,
                        -8.940696005765858e-8,
                        1.0,
                        1.1920928955078126e-7,
                        0.0,
                        0.0,
                        0.0,
                        1.0
                    ]
                },
                {
                    "Type": 6,
                    "UID": 806121476,
                    "debugDraw": false,
                    "FBX": "Assets/Skeleton@Idle.FBX",
                    "bone": "Bip001 R Finger12"
                }
            ]
        },
        {
            "UID": 3056571699,
            "ParentUID": 4210081859,
            "Name": "Bip001 Head",
            "Active": true,
            "Static": true,
            "Components": [
                {
                    "Type": 1,
                    "UID": 3550577163,
                    "Position": [
                        1.1019048690795899,
                        0.0,
                        0.0
                    ],
                    "Rotation": [
                        -0.33161330223083498,
                        -0.04623311758041382,
                        -0.46153587102890017,
                        0.8215106725692749
                    ],
                    "Scale": [
                        1.0,
                        0.9999997615814209,
                        0.9999999403953552
                    ],
                    "Transform": [
                        0.7389183640480042,
                        0.5550021529197693,
                        -0.3820629119873047,
                        1.1019043922424317,
                        -0.642463743686676,
                        0.7512408494949341,
                        -0.1512526124715805,
                        0.0,
                        0.20307573676109315,
                        0.3572249114513397,
                        0.9116746187210083,
                        0.0,
                        0.0,
                        0.0,
                        0.0,
                        1.0
                    ]
                },
                {
                    "Type": 6,
                    "UID": 2937561305,
                    "debugDraw": false,
                    "FBX": "Assets/Skeleton@Idle.FBX",
                    "bone": "Bip001 Head"
                }
            ]
        },
        {
            "UID": 1340432577,
            "ParentUID": 3056571699,
            "Name": "Bone001",
            "Active": true,
            "Static": true,
            "Components": [
                {
                    "Type": 1,
                    "UID": 276971969,
                    "Position": [
                        0.1927957534790039,
                        0.020197391510009767,
                        -0.0000010728836059570313
                    ],
                    "Rotation": [
                        0.5875484347343445,
                        0.8087840676307678,
                        0.02070949785411358,
                        0.015043423511087895
                    ],
                    "Scale": [
                        1.0000001192092896,
                        1.0,
                        1.0
                    ],
                    "Transform": [
                        -0.3091210424900055,
                        0.9497765302658081,
                        0.04866942763328552,
                        0.1927957534790039,
                        0.9510228633880615,
                        0.3087158799171448,
                        0.0158215444535017,
                        0.020197391510009767,
                        0.0000019036235698877136,
                        0.05117650330066681,
                        -0.9986896514892578,
                        -0.0000010728836059570313,
                        0.0,
                        0.0,
                        0.0,
                        1.0
                    ]
                },
                {
                    "Type": 6,
                    "UID": 1835021581,
                    "debugDraw": false,
                    "FBX": "Assets/Skeleton@Idle.FBX",
                    "bone": "Bone001"
                }
            ]
        },
        {
            "UID": 1682862221,
            "ParentUID": 4210081859,
            "Name": "Bip001 L Clavicle",
            "Active": true,
            "Static": true,
            "Components": [
                {
                    "Type": 1,
                    "UID": 4208489156,
                    "Position": [
                        -0.4552736282348633,
                        -0.0967874526977539,
                        0.7976436614990234
                    ],
                    "Rotation": [
                        0.314115971326828,
                        -0.10387644916772843,
                        0.9365182518959045,
                        0.1160791665315628
                    ],
                    "Scale": [
                        1.0,
                        1.0000001192092896,
                        1.0
                    ],
                    "Transform": [
                        -0.3264618217945099,
                        -0.11688481271266937,
                        0.9379554390907288,
                        0.03656911849975586,
                        -0.04033978655934334,
                        -0.9896975755691528,
                        -0.13737325370311738,
                        0.24397516250610352,
                        0.9443492293357849,
                        -0.08268406242132187,
                        0.31838345527648928,
                        0.890289306640625,
                        0.0,
                        0.0,
                        0.0,
                        1.0
                    ]
                },
                {
                    "Type": 6,
                    "UID": 3747404674,
                    "debugDraw": false,
                    "FBX": "Assets/Skeleton@Idle.FBX",
                    "bone": "Bip001 L Clavicle"
                }
            ]
        },
        {
            "UID": 1230653614,
            "ParentUID": 1682862221,
            "Name": "Bip001 L UpperArm",
            "Active": true,
            "Static": true,
            "Components": [
                {
                    "Type": 1,
                    "UID": 1506771100,
                    "Position": [
                        0.9862537384033203,
                        0.0,
                        4.76837158203125e-7
                    ],
                    "Rotation": [
                        -0.2448454350233078,
                        0.3208892345428467,
                        -0.12854090332984925,
                        0.9058465957641602
                    ],
                    "Scale": [
                        0.9999999403953552,
                        1.0,
                        0.9999998807907105
                    ],
                    "Transform": [
                        0.626065194606781,
                        0.09416541457176209,
                        0.7740639448165894,
                        0.9862534999847412,
                        -0.14429816603660584,
                        0.9895274639129639,
                        -0.0036678831093013288,
                        -4.76837158203125e-7,
                        -0.7663029432296753,
                        -0.1093996986746788,
                        0.6330966353416443,
                        0.0,
                        0.0,
                        0.0,
                        0.0,
                        1.0
                    ]
                },
                {
                    "Type": 6,
                    "UID": 1959273879,
                    "debugDraw": false,
                    "FBX": "Assets/Skeleton@Idle.FBX",
                    "bone": "Bip001 L UpperArm"
                }
            ]
        },
        {
            "UID": 1935803046,
            "ParentUID": 1230653614,
            "Name": "Bip001 L Forearm",
            "Active": true,
            "Static": true,
            "Components": [
                {
                    "Type": 1,
                    "UID": 2136936496,
                    "Position": [
                        2.3758387565612795,
                        -1.1920928955078126e-7,
                        4.76837158203125e-7
                    ],
                    "Rotation": [
                        -4.496210337379125e-8,
                        -1.59488688922238e-8,
                        -0.32770103216171267,
                        0.944781482219696
                    ],
                    "Scale": [
                        1.0,
                        1.0,
                        1.0
                    ],
                    "Transform": [
                        0.8611289262771606,
                        0.5083866119384766,
                        2.936987097967858e-9,
                        2.3758387565612795,
                        -0.5083866119384766,
                        0.8611289262771606,
                        -5.364655564221721e-8,
                        0.0,
                        -2.9802320611338474e-8,
                        4.470348002882929e-8,
                        0.9999998807907105,
                        0.0,
                        0.0,
                        0.0,
                        0.0,
                        1.0
                    ]
                },
                {
                    "Type": 6,
                    "UID": 642608359,
                    "debugDraw": false,
                    "FBX": "Assets/Skeleton@Idle.FBX",
                    "bone": "Bip001 L Forearm"
                }
            ]
        },
        {
            "UID": 2091204347,
            "ParentUID": 1935803046,
            "Name": "Bip001 L Hand",
            "Active": true,
            "Static": true,
            "Components": [
                {
                    "Type": 1,
                    "UID": 3046286754,
                    "Position": [
                        1.8464140892028809,
                        2.384185791015625e-7,
                        -4.76837158203125e-7
                    ],
                    "Rotation": [
                        -0.18265564739704133,
                        0.04146294668316841,
                        0.10054332762956619,
                        0.9771432280540466
                    ],
                    "Scale": [
                        0.9999999403953552,
                        0.9999999403953552,
                        1.0
                    ],
                    "Transform": [
                        0.9940844178199768,
                        0.02738652564585209,
                        0.10509999096393585,
                        1.8464140892028809,
                        -0.10551644116640091,
                        0.4728221595287323,
                        0.8748173117637634,
                        7.152557373046875e-7,
                        -0.0257353987544775,
                        -0.8807321190834045,
                        0.4729149043560028,
                        0.0,
                        0.0,
                        0.0,
                        0.0,
                        1.0
                    ]
