{
    "Game Objects": [
        {
            "UID": 3554012018,
            "ParentUID": 0,
            "Name": "Camera",
            "Active": true,
            "Static": false,
            "Components": [
                {
                    "Type": 1,
                    "UID": 2026706516,
                    "Position": [
                        18.244211196899415,
                        5.949741840362549,
                        28.441267013549806
                    ],
                    "Rotation": [
                        0.0,
                        0.28371530771255495,
                        0.0,
                        0.9589085578918457
                    ],
                    "Scale": [
                        0.9999998807907105,
                        1.0,
                        0.9999998807907105
                    ],
                    "Transform": [
                        0.8390111327171326,
                        0.0,
                        0.5441140532493591,
                        18.244211196899415,
                        0.0,
                        1.0,
                        0.0,
                        5.949741840362549,
                        -0.5441140532493591,
                        0.0,
                        0.8390111327171326,
                        28.441267013549806,
                        0.0,
                        0.0,
                        0.0,
                        1.0
                    ]
                },
                {
                    "Type": 5,
                    "UID": 2641600895,
                    "Frustum Type": 2,
                    "Position": [
                        18.244211196899415,
                        5.949741840362549,
                        28.441267013549806
                    ],
                    "Front": [
                        -0.5441140532493591,
                        -0.0,
                        -0.8390111327171326
                    ],
                    "Up": [
                        0.0,
                        1.0,
                        0.0
                    ],
                    "Near Plane": 0.10000000149011612,
                    "Far Plane": 100.0,
                    "VFOV": 0.5235987901687622,
                    "Aspect Ratio": 1.7777777910232545,
                    "Culling": true
                }
            ]
        },
        {
            "UID": 408621737,
            "ParentUID": 0,
            "Name": "Skeleton@Idle",
            "Active": true,
            "Static": true,
            "Components": [
                {
                    "Type": 1,
                    "UID": 1602583290,
                    "Position": [
                        0.0,
                        0.0,
                        0.0
                    ],
                    "Rotation": [
                        0.0,
                        0.0,
                        0.0,
                        1.0
                    ],
                    "Scale": [
                        1.0,
                        1.0,
                        1.0
                    ],
                    "Transform": [
                        1.0,
                        0.0,
                        0.0,
                        0.0,
                        0.0,
                        1.0,
                        0.0,
                        0.0,
                        0.0,
                        0.0,
                        1.0,
                        0.0,
                        0.0,
                        0.0,
                        0.0,
                        1.0
                    ]
                },
                {
                    "Type": 4,
                    "UID": 2389088495,
                    "debugDraw": false,
                    "loop": true,
                    "walkUID": 284713032,
                    "attackUID": 2877800274,
                    "walkBlendTime": 0.5,
                    "attackBlendTime": 0.5,
                    "FBX": "Assets/Models/Skeleton@Idle.FBX",
                    "animation": "Take 001(6)"
                }
            ]
        },
        {
            "UID": 3117463356,
            "ParentUID": 408621737,
            "Name": "Bip001",
            "Active": true,
            "Static": true,
            "Components": [
                {
                    "Type": 1,
                    "UID": 92739518,
                    "Position": [
                        -0.3401670455932617,
                        5.953533172607422,
                        0.0
                    ],
                    "Rotation": [
                        -0.48628050088882449,
                        -0.34415432810783389,
                        -0.4479517638683319,
                        0.6666545271873474
                    ],
                    "Scale": [
                        1.0,
                        0.9999999403953552,
                        1.0
                    ],
                    "Transform": [
                        0.36179405450820925,
                        0.931969165802002,
                        -0.023203670978546144,
                        -0.3401670455932617,
                        -0.2625470757484436,
                        0.12574099004268647,
                        0.9566912651062012,
                        5.953533172607422,
                        0.8945245146751404,
                        -0.3400331139564514,
                        0.290178120136261,
                        0.0,
                        0.0,
                        0.0,
                        0.0,
                        1.0
                    ]
                }
            ]
        },
        {
            "UID": 1230722476,
            "ParentUID": 3117463356,
            "Name": "Bip001 Footsteps",
            "Active": true,
            "Static": true,
            "Components": [
                {
                    "Type": 1,
                    "UID": 3887481498,
                    "Position": [
                        1.5627604722976685,
                        -0.7484485507011414,
                        -5.694519519805908
                    ],
                    "Rotation": [
                        -0.12754370272159577,
                        -0.07339587807655335,
                        0.5601035356521606,
                        0.8152482509613037
                    ],
                    "Scale": [
                        0.9999999403953552,
                        0.9999999403953552,
                        0.9999998807907105
                    ],
                    "Transform": [
                        0.3617941439151764,
                        -0.8945245146751404,
                        -0.2625470459461212,
                        1.5627604722976685,
                        0.931969165802002,
                        0.34003329277038576,
                        0.1257409304380417,
                        -0.7484485507011414,
                        -0.023203616961836816,
                        -0.290178120136261,
                        0.9566912055015564,
                        -5.694519519805908,
                        0.0,
                        0.0,
                        0.0,
                        1.0
                    ]
                }
            ]
        },
        {
            "UID": 2886425253,
            "ParentUID": 3117463356,
            "Name": "Bip001 Pelvis",
            "Active": true,
            "Static": true,
            "Components": [
                {
                    "Type": 1,
                    "UID": 1963909043,
                    "Position": [
                        0.0,
                        0.0,
                        0.0
                    ],
                    "Rotation": [
                        -0.49999967217445376,
                        -0.5000004172325134,
                        -0.4999997019767761,
                        0.5000002980232239
                    ],
                    "Scale": [
                        1.0,
                        1.0,
                        0.9999999403953552
                    ],
                    "Transform": [
                        5.9604641222676949e-8,
                        0.9999998807907105,
                        -0.0000014901158920110902,
                        0.0,
                        0.0,
                        0.0000015497206504733186,
                        0.9999998211860657,
                        0.0,
                        0.9999998807907105,
                        0.0,
                        5.960463766996327e-8,
                        0.0,
                        0.0,
                        0.0,
                        0.0,
                        1.0
                    ]
                },
                {
                    "Type": 6,
                    "UID": 3305162752,
                    "debugDraw": false,
                    "FBX": "Assets/Models/Skeleton@Idle.FBX",
                    "bone": "Bip001 Pelvis"
                }
            ]
        },
        {
            "UID": 2780697020,
            "ParentUID": 2886425253,
            "Name": "Bip001 Spine",
            "Active": true,
            "Static": true,
            "Components": [
                {
                    "Type": 1,
                    "UID": 2626724908,
                    "Position": [
                        0.6278524398803711,
                        0.31800103187561037,
                        -2.086162567138672e-7
                    ],
                    "Rotation": [
                        -0.000002111966523443698,
                        -6.862942427687813e-7,
                        0.0003981292247772217,
                        0.9999999403953552
                    ],
                    "Scale": [
                        1.0000001192092896,
                        1.0,
                        1.0
                    ],
                    "Transform": [
                        0.9999998211860657,
                        -0.0007962583913467825,
                        -0.000001374270027554303,
                        0.6278524398803711,
                        0.0007962585077621043,
                        0.9999997019767761,
                        0.0000042233859858242799,
                        0.31800103187561037,
                        0.0000013709068298339844,
                        -0.0000042244791984558109,
                        1.0,
                        -2.086162567138672e-7,
                        0.0,
                        0.0,
                        0.0,
                        1.0
                    ]
                },
                {
                    "Type": 6,
                    "UID": 1170034280,
                    "debugDraw": false,
                    "FBX": "Assets/Models/Skeleton@Idle.FBX",
                    "bone": "Bip001 Spine"
                }
            ]
        },
        {
            "UID": 32692790,
            "ParentUID": 2780697020,
            "Name": "Bip001 L Thigh",
            "Active": true,
            "Static": true,
            "Components": [
                {
                    "Type": 1,
                    "UID": 3255498740,
                    "Position": [
                        -0.6281051635742188,
                        -0.31750404834747317,
                        1.153568983078003
                    ],
                    "Rotation": [
                        0.2708427309989929,
                        0.9550502300262451,
                        0.04375312477350235,
                        -0.11228972673416138
                    ],
                    "Scale": [
                        0.9999997615814209,
                        0.9999998807907105,
                        0.9999998211860657
                    ],
                    "Transform": [
                        -0.8280704021453857,
                        0.5271628499031067,
                        -0.1907842755317688,
                        -0.6281051635742188,
                        0.5075106620788574,
                        0.849459707736969,
                        0.1443985253572464,
                        -0.31750404834747317,
                        0.2381850779056549,
                        0.022747093811631204,
                        -0.9709534049034119,
                        1.153568983078003,
                        0.0,
                        0.0,
                        0.0,
                        1.0
                    ]
                },
                {
                    "Type": 6,
                    "UID": 2873933610,
                    "debugDraw": false,
                    "FBX": "Assets/Models/Skeleton@Idle.FBX",
                    "bone": "Bip001 L Thigh"
                }
            ]
        },
        {
            "UID": 2655025639,
            "ParentUID": 32692790,
            "Name": "Bip001 L Calf",
            "Active": true,
            "Static": true,
            "Components": [
                {
                    "Type": 1,
                    "UID": 2231221245,
                    "Position": [
                        2.6564342975616457,
                        -1.1920928955078126e-7,
                        0.0
                    ],
                    "Rotation": [
                        -2.9528354872354613e-8,
                        -5.489289023330457e-9,
                        -0.32909536361694338,
                        0.944296658039093
                    ],
                    "Scale": [
                        1.0,
                        1.000000238418579,
                        1.0
                    ],
                    "Transform": [
                        0.7833924889564514,
                        0.6215274333953857,
                        9.068255479860455e-9,
                        2.6564342975616457,
                        -0.6215273141860962,
                        0.7833926677703857,
                        5.9380052874757897e-8,
                        -1.1920928955078126e-7,
                        2.9802322387695315e-8,
                        -5.21540641784668e-8,
                        1.0,
                        0.0,
                        0.0,
                        0.0,
                        0.0,
                        1.0
                    ]
                },
                {
                    "Type": 6,
                    "UID": 1742370951,
                    "debugDraw": false,
                    "FBX": "Assets/Models/Skeleton@Idle.FBX",
                    "bone": "Bip001 L Calf"
                }
            ]
        },
        {
            "UID": 2177690566,
            "ParentUID": 2655025639,
            "Name": "Bip001 L Foot",
            "Active": true,
            "Static": true,
            "Components": [
                {
                    "Type": 1,
                    "UID": 3624789041,
                    "Position": [
                        3.3164162635803224,
                        1.1920928955078126e-7,
                        -2.384185791015625e-7
                    ],
                    "Rotation": [
                        0.13742481172084809,
                        -0.15049950778484345,
                        0.1960267275571823,
                        0.9591860175132752
                    ],
                    "Scale": [
                        1.0,
                        0.9999999403953552,
                        0.9999999403953552
                    ],
                    "Transform": [
                        0.8778468370437622,
                        -0.41741687059402468,
                        -0.2348361611366272,
                        3.3164162635803224,
                        0.3346874713897705,
                        0.8853757381439209,
                        -0.3226357400417328,
                        1.1920928955078126e-7,
                        0.34259191155433657,
                        0.20462802052497865,
                        0.9169285893440247,
                        -2.384185791015625e-7,
                        0.0,
                        0.0,
                        0.0,
                        1.0
                    ]
                },
                {
                    "Type": 6,
                    "UID": 751984374,
                    "debugDraw": false,
                    "FBX": "Assets/Models/Skeleton@Idle.FBX",
                    "bone": "Bip001 L Foot"
                }
            ]
        },
        {
            "UID": 1588111080,
            "ParentUID": 2177690566,
            "Name": "Bip001 L Toe0",
            "Active": true,
            "Static": true,
            "Components": [
                {
                    "Type": 1,
                    "UID": 3557925139,
                    "Position": [
                        0.8066026568412781,
                        1.3259632587432862,
                        0.0
                    ],
                    "Rotation": [
                        -2.710207240852469e-7,
                        6.98358348927286e-7,
                        0.7071073055267334,
                        0.7071062326431274
                    ],
                    "Scale": [
                        1.0,
                        1.0,
                        1.0
                    ],
                    "Transform": [
                        -0.000001311302071371756,
                        -0.9999998807907105,
                        6.043458711246785e-7,
                        0.8066026568412781,
                        0.9999998807907105,
                        -0.000001311302071371756,
                        0.000001370909444631252,
                        1.3259632587432862,
                        -0.0000013709085351365503,
                        6.043476901140821e-7,
                        1.0,
                        0.0,
                        0.0,
                        0.0,
                        0.0,
                        1.0
                    ]
                },
                {
                    "Type": 6,
                    "UID": 3831765031,
                    "debugDraw": false,
                    "FBX": "Assets/Models/Skeleton@Idle.FBX",
                    "bone": "Bip001 L Toe0"
                }
            ]
        },
        {
            "UID": 989173124,
            "ParentUID": 2780697020,
            "Name": "Bip001 R Thigh",
            "Active": true,
            "Static": true,
            "Components": [
                {
                    "Type": 1,
                    "UID": 1910992880,
                    "Position": [
                        -0.6281051635742188,
                        -0.31749773025512698,
                        -1.1535695791244507
                    ],
                    "Rotation": [
                        0.46175703406333926,
                        0.8620432615280151,
                        0.015326703898608685,
                        0.20839136838912965
                    ],
                    "Scale": [
                        0.9999998807907105,
                        0.9999998211860657,
                        0.9999998807907105
                    ],
                    "Transform": [
                        -0.4867066442966461,
                        0.7897211313247681,
                        0.37343916296958926,
                        -0.6281051635742188,
                        0.8024969100952148,
                        0.5730909109115601,
                        -0.1660279929637909,
                        -0.31749773025512698,
                        -0.34513041377067568,
                        0.21887686848640443,
                        -0.9126759171485901,
                        -1.1535695791244507,
                        0.0,
                        0.0,
                        0.0,
                        1.0
                    ]
                },
                {
                    "Type": 6,
                    "UID": 1587687513,
                    "debugDraw": false,
                    "FBX": "Assets/Models/Skeleton@Idle.FBX",
                    "bone": "Bip001 R Thigh"
                }
            ]
        },
        {
            "UID": 830917527,
            "ParentUID": 989173124,
            "Name": "Bip001 R Calf",
            "Active": true,
            "Static": true,
            "Components": [
                {
                    "Type": 1,
                    "UID": 1218425989,
                    "Position": [
                        2.6564345359802248,
                        -2.384185791015625e-7,
                        -4.76837158203125e-7
                    ],
                    "Rotation": [
                        -6.343936487240853e-9,
                        2.0095860975288816e-8,
                        -0.46143797039985659,
                        0.8871724605560303
                    ],
                    "Scale": [
                        0.9999998807907105,
                        1.0000001192092896,
                        1.0
                    ],
                    "Transform": [
                        0.5741499066352844,
                        0.818750262260437,
                        4.151165455823502e-8,
                        2.6564345359802248,
                        -0.8187500238418579,
                        0.574150025844574,
                        -7.289653325415202e-9,
                        -2.384185791015625e-7,
                        -2.9802318834981635e-8,
                        -2.9802322387695315e-8,
                        1.0,
                        -4.76837158203125e-7,
                        0.0,
                        0.0,
                        0.0,
                        1.0
                    ]
                },
                {
                    "Type": 6,
                    "UID": 3974613487,
                    "debugDraw": false,
                    "FBX": "Assets/Models/Skeleton@Idle.FBX",
                    "bone": "Bip001 R Calf"
                }
            ]
        },
        {
            "UID": 2592864025,
            "ParentUID": 830917527,
            "Name": "Bip001 R Foot",
            "Active": true,
            "Static": true,
            "Components": [
                {
                    "Type": 1,
                    "UID": 269811825,
                    "Position": [
                        3.3164172172546388,
                        0.0,
                        0.0
                    ],
                    "Rotation": [
                        -0.04051091521978378,
                        0.14072494208812715,
                        0.12133357673883438,
                        0.9817502498626709
                    ],
                    "Scale": [
                        1.000000238418579,
                        1.0,
                        1.0
                    ],
                    "Transform": [
                        0.9309495687484741,
                        -0.2496403604745865,
                        0.2664828300476074,
                        3.3164172172546388,
                        0.22683681547641755,
                        0.9672741889953613,
                        0.1136925220489502,
                        0.0,
                        -0.2861441969871521,
                        -0.04539388418197632,
                        0.9571107029914856,
                        0.0,
                        0.0,
                        0.0,
                        0.0,
                        1.0
                    ]
                },
                {
                    "Type": 6,
                    "UID": 3810293867,
                    "debugDraw": false,
                    "FBX": "Assets/Models/Skeleton@Idle.FBX",
                    "bone": "Bip001 R Foot"
                }
            ]
        },
        {
            "UID": 1115761084,
            "ParentUID": 2592864025,
            "Name": "Bip001 R Toe0",
            "Active": true,
            "Static": true,
            "Components": [
                {
                    "Type": 1,
                    "UID": 1724931321,
                    "Position": [
                        0.8066027760505676,
                        1.3259633779525757,
                        -2.384185791015625e-7
                    ],
                    "Rotation": [
                        9.359907515715804e-9,
                        1.5687396626162809e-7,
                        0.7071072459220886,
                        0.7071062922477722
                    ],
                    "Scale": [
                        1.0,
                        1.0000001192092896,
                        1.0
                    ],
                    "Transform": [
                        -0.000001311302071371756,
                        -0.9999999403953552,
                        2.3509008428845846e-7,
                        0.8066027760505676,
                        0.9999998807907105,
                        -0.0000013113021850585938,
                        2.086165409309615e-7,
                        1.3259633779525757,
                        -2.0861621408130305e-7,
                        2.3509036850555277e-7,
                        1.0,
                        -2.384185791015625e-7,
                        0.0,
                        0.0,
                        0.0,
                        1.0
                    ]
                },
                {
                    "Type": 6,
                    "UID": 348432275,
                    "debugDraw": false,
                    "FBX": "Assets/Models/Skeleton@Idle.FBX",
                    "bone": "Bip001 R Toe0"
                }
            ]
        },
        {
            "UID": 4154566796,
            "ParentUID": 2780697020,
            "Name": "Bip001 Spine1",
            "Active": true,
            "Static": true,
            "Components": [
                {
                    "Type": 1,
                    "UID": 155200129,
                    "Position": [
                        1.7980303764343262,
                        -0.0013594627380371094,
                        -0.0004951357841491699
                    ],
                    "Rotation": [
                        0.19542096555233003,
                        -0.14988134801387788,
                        0.32489684224128725,
                        0.9131200909614563
                    ],
                    "Scale": [
                        0.9999999403953552,
                        0.9999998807907105,
                        0.9999998807907105
                    ],
                    "Transform": [
                        0.7439551949501038,
                        -0.6519195437431336,
                        -0.14673598110675813,
                        1.7980303764343262,
                        0.5347597002983093,
                        0.7125052809715271,
                        -0.45427748560905459,
                        -0.0013594627380371094,
                        0.4007025957107544,
                        0.2594936490058899,
                        0.8786923289299011,
                        -0.0004951357841491699,
                        0.0,
                        0.0,
                        0.0,
                        1.0
                    ]
                },
                {
                    "Type": 6,
                    "UID": 3733807140,
                    "debugDraw": false,
                    "FBX": "Assets/Models/Skeleton@Idle.FBX",
                    "bone": "Bip001 Spine1"
                }
            ]
        },
        {
            "UID": 845766602,
            "ParentUID": 4154566796,
            "Name": "Bip001 Neck",
            "Active": true,
            "Static": true,
            "Components": [
                {
                    "Type": 1,
                    "UID": 3573101913,
                    "Position": [
                        2.997201919555664,
                        -0.2343606948852539,
                        -2.384185791015625e-7
                    ],
                    "Rotation": [
                        -0.03127382695674896,
                        0.1998259425163269,
                        0.15219809114933015,
                        0.9674333333969116
                    ],
                    "Scale": [
                        1.0000001192092896,
                        1.0,
                        1.0
                    ],
                    "Transform": [
                        0.8738107681274414,
                        -0.3069816529750824,
                        0.3771169185638428,
                        2.997201919555664,
                        0.2819843888282776,
                        0.951715350151062,
                        0.1213369369506836,
                        -0.2343606948852539,
                        -0.3961562514305115,
                        0.00031556934118270874,
                        0.9181830883026123,
                        -2.384185791015625e-7,
                        0.0,
                        0.0,
                        0.0,
                        1.0
                    ]
                },
                {
                    "Type": 6,
                    "UID": 4043572268,
                    "debugDraw": false,
                    "FBX": "Assets/Models/Skeleton@Idle.FBX",
                    "bone": "Bip001 Neck"
                }
            ]
        },
        {
            "UID": 902785593,
            "ParentUID": 845766602,
            "Name": "Bip001 R Clavicle",
            "Active": true,
            "Static": true,
            "Components": [
                {
                    "Type": 1,
                    "UID": 3110135354,
                    "Position": [
                        0.267880916595459,
                        -0.09735870361328125,
                        -0.8784301280975342
                    ],
                    "Rotation": [
                        -0.6390175819396973,
                        -0.064629927277565,
                        0.7450319528579712,
                        0.18001922965049745
                    ],
                    "Scale": [
                        1.0000001192092896,
                        0.9999999403953552,
                        0.9999998807907105
                    ],
                    "Transform": [
                        -0.11849929392337799,
                        -0.1856408417224884,
                        -0.9754461646080017,
                        0.267880916595459,
                        0.3508394956588745,
                        -0.9268321990966797,
                        0.13376815617084504,
                        -0.09735870361328125,
                        -0.9289079308509827,
                        -0.3263736367225647,
                        0.1749589890241623,
                        -0.8784301280975342,
                        0.0,
                        0.0,
                        0.0,
                        1.0
                    ]
                },
                {
                    "Type": 6,
                    "UID": 1671614044,
                    "debugDraw": false,
                    "FBX": "Assets/Models/Skeleton@Idle.FBX",
                    "bone": "Bip001 R Clavicle"
                }
            ]
        },
        {
            "UID": 3160976742,
            "ParentUID": 902785593,
            "Name": "Bip001 R UpperArm",
            "Active": true,
            "Static": true,
            "Components": [
                {
                    "Type": 1,
                    "UID": 2343528018,
                    "Position": [
                        0.9862542152404785,
                        -4.76837158203125e-7,
                        4.76837158203125e-7
                    ],
                    "Rotation": [
                        0.4713249206542969,
                        -0.3375435471534729,
                        -0.10737016052007675,
                        0.8077059388160706
                    ],
                    "Scale": [
                        1.0,
                        1.0000001192092896,
                        1.0
                    ],
                    "Transform": [
                        0.7490719556808472,
                        -0.1447383165359497,
                        -0.6464843153953552,
                        0.9862542152404785,
                        -0.4916323721408844,
                        0.5326491594314575,
                        -0.688899576663971,
                        -4.76837158203125e-7,
                        0.44405943155288699,
                        0.833868145942688,
                        0.32783448696136477,
                        4.76837158203125e-7,
                        0.0,
                        0.0,
                        0.0,
                        1.0
                    ]
                },
                {
                    "Type": 6,
                    "UID": 2756766137,
                    "debugDraw": false,
                    "FBX": "Assets/Models/Skeleton@Idle.FBX",
                    "bone": "Bip001 R UpperArm"
                }
            ]
        },
        {
            "UID": 758508709,
            "ParentUID": 3160976742,
            "Name": "Bip001 R Forearm",
            "Active": true,
            "Static": true,
            "Components": [
                {
                    "Type": 1,
                    "UID": 3948656203,
                    "Position": [
                        2.375837802886963,
                        3.5762786865234377e-7,
                        4.76837158203125e-7
                    ],
                    "Rotation": [
                        1.2172488794703895e-8,
                        4.3014335204816237e-8,
                        -0.27229389548301699,
                        0.9622141122817993
                    ],
                    "Scale": [
                        0.9999997615814209,
                        0.9999997615814209,
                        1.0
                    ],
                    "Transform": [
                        0.8517118692398071,
                        0.5240099430084229,
                        7.614901420538445e-8,
                        2.375837802886963,
                        -0.5240099430084229,
                        0.8517118692398071,
                        -4.685016108396667e-8,
                        3.5762786865234377e-7,
                        -8.940696716308594e-8,
                        -3.5527128317675538e-15,
                        1.0,
                        4.76837158203125e-7,
                        0.0,
                        0.0,
                        0.0,
                        1.0
                    ]
                },
                {
                    "Type": 6,
                    "UID": 3658625569,
                    "debugDraw": false,
                    "FBX": "Assets/Models/Skeleton@Idle.FBX",
                    "bone": "Bip001 R Forearm"
                }
            ]
        },
        {
            "UID": 1257913879,
            "ParentUID": 758508709,
            "Name": "Bip001 R Hand",
            "Active": true,
            "Static": true,
            "Components": [
                {
                    "Type": 1,
                    "UID": 2735794259,
                    "Position": [
                        1.84641432762146,
                        -9.5367431640625e-7,
                        0.0
                    ],
                    "Rotation": [
                        0.5602365136146545,
                        0.06963124871253967,
                        0.16953536868095399,
                        0.807802140712738
                    ],
                    "Scale": [
                        0.9999999403953552,
                        0.9999999403953552,
                        1.0
                    ],
                    "Transform": [
                        0.9328184127807617,
                        -0.1958821415901184,
                        0.3024562895298004,
                        1.84641432762146,
                        0.351921945810318,
                        0.31478577852249148,
                        -0.8815104365348816,
                        -9.5367431640625e-7,
                        0.07746320217847824,
                        0.9287304282188416,
                        0.36257317662239077,
                        0.0,
                        0.0,
                        0.0,
                        0.0,
                        1.0
                    ]
                },
                {
                    "Type": 6,
                    "UID": 2464876141,
                    "debugDraw": false,
                    "FBX": "Assets/Models/Skeleton@Idle.FBX",
                    "bone": "Bip001 R Hand"
                }
            ]
        },
        {
            "UID": 2358843725,
            "ParentUID": 1257913879,
            "Name": "Bip001 R Finger1",
            "Active": true,
            "Static": true,
            "Components": [
                {
                    "Type": 1,
                    "UID": 439316476,
                    "Position": [
                        1.7707757949829102,
                        0.0003604888916015625,
                        0.0414586067199707
                    ],
                    "Rotation": [
                        0.005107655189931393,
                        0.19857686758041383,
                        0.39499667286872866,
                        0.8969497084617615
                    ],
                    "Scale": [
                        0.9999998807907105,
                        0.9999998211860657,
                        1.0
                    ],
                    "Transform": [
                        0.6090896725654602,
                        -0.7065556049346924,
                        0.3602619171142578,
                        1.7707757949829102,
                        0.7106127738952637,
                        0.6879028677940369,
                        0.14771176874637605,
                        0.0003604888916015625,
                        -0.35219186544418337,
                        0.16603697836399079,
                        0.9210821390151978,
                        0.0414586067199707,
                        0.0,
                        0.0,
                        0.0,
                        1.0
                    ]
                },
                {
                    "Type": 6,
                    "UID": 3596252444,
                    "debugDraw": false,
                    "FBX": "Assets/Models/Skeleton@Idle.FBX",
                    "bone": "Bip001 R Finger1"
                }
            ]
        },
        {
            "UID": 1233953926,
            "ParentUID": 2358843725,
            "Name": "Bip001 R Finger11",
            "Active": true,
            "Static": true,
            "Components": [
                {
                    "Type": 1,
                    "UID": 1037096816,
                    "Position": [
                        0.3415374755859375,
                        -2.384185791015625e-7,
                        2.384185791015625e-7
                    ],
                    "Rotation": [
                        -2.6954575460536036e-8,
                        -1.2713353036986064e-8,
                        0.42658933997154238,
                        0.9044454097747803
                    ],
                    "Scale": [
                        1.0,
                        1.0,
