{
    "Game Objects": [
        {
            "UID": 457090614,
            "ParentUID": 0,
            "Name": "Camera",
            "Active": true,
            "Static": false,
            "Components": [
                {
                    "Type": 1,
                    "Position": [
                        0.0,
                        0.0,
                        0.0
                    ],
                    "Rotation": [
                        0.0,
                        0.0,
                        0.0,
                        1.0
                    ],
                    "Scale": [
                        1.0,
                        1.0,
                        1.0
                    ],
                    "Transform": [
                        1.0,
                        0.0,
                        0.0,
                        0.0,
                        0.0,
                        1.0,
                        0.0,
                        0.0,
                        0.0,
                        0.0,
                        1.0,
                        0.0,
                        0.0,
                        0.0,
                        0.0,
                        1.0
                    ]
                },
                {
                    "Type": 5,
                    "Frustum Type": 2,
                    "Position": [
                        0.0,
                        0.0,
                        0.0
                    ],
                    "Front": [
                        -0.0,
                        -0.0,
                        -1.0
                    ],
                    "Up": [
                        0.0,
                        1.0,
                        0.0
                    ],
                    "Near Plane": 0.10000000149011612,
                    "Far Plane": 100.0,
                    "VFOV": 0.5235987901687622,
                    "Aspect Ratio": 1.7777777910232545,
                    "Culling": true
                }
            ]
        },
        {
            "UID": 769377320,
            "ParentUID": 0,
            "Name": "Basic_Walk_01",
            "Active": true,
            "Static": true,
            "Components": [
                {
                    "Type": 1,
                    "Position": [
                        0.0,
                        0.0,
                        0.0
                    ],
                    "Rotation": [
                        0.0,
                        0.0,
                        0.0,
                        1.0
                    ],
                    "Scale": [
                        1.0,
                        1.0,
                        1.0
                    ],
                    "Transform": [
                        1.0,
                        0.0,
                        0.0,
                        0.0,
                        0.0,
                        1.0,
                        0.0,
                        0.0,
                        0.0,
                        0.0,
                        1.0,
                        0.0,
                        0.0,
                        0.0,
                        0.0,
                        1.0
                    ]
                },
                {
                    "Type": 4,
                    "UID": 2715743570,
                    "FBX": "Assets/Models/Basic_Walk_01.FBX",
                    "animation": "Take 001",
                    "debugDraw": true
                }
            ]
        },
        {
            "UID": 3049024325,
            "ParentUID": 769377320,
            "Name": "man03",
            "Active": false,
            "Static": true,
            "Components": [
                {
                    "Type": 1,
                    "Position": [
                        0.0,
                        0.6066436767578125,
                        0.0
                    ],
                    "Rotation": [
                        -0.7071068286895752,
                        0.0,
                        0.0,
                        0.7071067094802856
                    ],
                    "Scale": [
                        1.0,
                        1.0,
                        1.0
                    ],
                    "Transform": [
                        1.0,
                        -0.0,
                        0.0,
                        0.0,
                        0.0,
                        5.960464477539063e-8,
                        0.9999999403953552,
                        0.6066436767578125,
                        -0.0,
                        -0.9999999403953552,
                        5.960464477539063e-8,
                        0.0,
                        0.0,
                        0.0,
                        0.0,
                        1.0
                    ]
                },
                {
                    "Type": 2,
                    "UID": 790057562,
                    "FBX": "Assets/Models/Basic_Walk_01.FBX",
                    "mesh": "Unnamed(3)"
                },
                {
                    "Type": 3,
                    "UID": 2648153268,
                    "originalFile": "Assets/Models/Materials/Color.tesseractMat"
                }
            ]
        },
        {
            "UID": 1484232192,
            "ParentUID": 769377320,
            "Name": "Bip01",
            "Active": true,
            "Static": true,
            "Components": [
                {
                    "Type": 1,
                    "Position": [
                        2.225617237172628e-7,
                        100.83763885498047,
                        3.040423735001241e-7
                    ],
                    "Rotation": [
                        -0.5104804039001465,
                        -0.5399280786514282,
                        -0.47558510303497317,
                        0.4708569347858429
                    ],
                    "Scale": [
                        1.0,
                        1.0,
                        1.0
                    ],
                    "Transform": [
                        -0.035407066345214847,
                        0.9991104602813721,
                        -0.022904038429260255,
                        2.225617237172628e-7,
                        0.10338029265403748,
                        0.02645707130432129,
                        0.9942899942398071,
                        100.83763885498047,
                        0.9940115213394165,
                        0.03283703327178955,
                        -0.10422515869140625,
                        3.040423735001241e-7,
                        0.0,
                        0.0,
                        0.0,
                        1.0
                    ]
                }
            ]
        },
        {
            "UID": 1046934249,
            "ParentUID": 1484232192,
            "Name": "Bip01 Prop1",
            "Active": true,
            "Static": true,
            "Components": [
                {
                    "Type": 1,
                    "Position": [
                        25.474464416503908,
                        -30.505218505859376,
                        10.648262023925782
                    ],
                    "Rotation": [
                        0.0,
                        0.0,
                        0.0,
                        1.0
                    ],
                    "Scale": [
                        1.0,
                        1.0,
                        0.9999999403953552
                    ],
                    "Transform": [
                        1.0,
                        0.0,
                        0.0,
                        25.474464416503908,
                        0.0,
                        1.0,
                        0.0,
                        -30.505218505859376,
                        0.0,
                        0.0,
                        0.9999999403953552,
                        10.648262023925782,
                        0.0,
                        0.0,
                        0.0,
                        1.0
                    ]
                }
            ]
        },
        {
            "UID": 648055641,
            "ParentUID": 1484232192,
            "Name": "Bip01 Footsteps",
            "Active": true,
            "Static": true,
            "Components": [
                {
                    "Type": 1,
                    "Position": [
                        -10.423798561096192,
                        -2.6676623821258547,
                        -100.25382232666016
                    ],
                    "Rotation": [
                        0.0280180461704731,
                        0.04549738019704819,
                        0.7180762887001038,
                        0.6939103007316589
                    ],
                    "Scale": [
                        1.0,
                        1.0,
                        1.0
                    ],
                    "Transform": [
                        -0.035407185554504397,
                        -0.994011640548706,
                        0.10338038951158524,
                        -10.423798561096192,
                        0.9991104602813721,
                        -0.0328371562063694,
                        0.026457181200385095,
                        -2.6676623821258547,
                        -0.02290402725338936,
                        0.10422522574663162,
                        0.9942898750305176,
                        -100.25382232666016,
                        0.0,
                        0.0,
                        0.0,
                        1.0
                    ]
                }
            ]
        },
        {
            "UID": 3174555536,
            "ParentUID": 1484232192,
            "Name": "Bip01 Prop2",
            "Active": true,
            "Static": true,
            "Components": [
                {
                    "Type": 1,
                    "Position": [
                        -4.323822975158691,
                        28.798171997070314,
                        2.550628662109375
                    ],
                    "Rotation": [
                        0.0,
                        0.0,
                        0.0,
                        1.0
                    ],
                    "Scale": [
                        1.0,
                        1.0,
                        0.9999999403953552
                    ],
                    "Transform": [
                        1.0,
                        0.0,
                        0.0,
                        -4.323822975158691,
                        0.0,
                        1.0,
                        0.0,
                        28.798171997070314,
                        0.0,
                        0.0,
                        0.9999999403953552,
                        2.550628662109375,
                        0.0,
                        0.0,
                        0.0,
                        1.0
                    ]
                }
            ]
        },
        {
            "UID": 434321136,
            "ParentUID": 1484232192,
            "Name": "Bip01 Pelvis",
            "Active": true,
            "Static": true,
            "Components": [
                {
                    "Type": 1,
                    "Position": [
                        0.0,
                        0.0,
                        0.0
                    ],
                    "Rotation": [
                        -0.4846794605255127,
                        -0.48468008637428286,
                        -0.5148642659187317,
                        0.5148648619651794
                    ],
                    "Scale": [
                        1.0,
                        1.0,
                        1.0
                    ],
                    "Transform": [
                        0.0,
                        1.0,
                        -0.0000012218952178955079,
                        0.0,
                        -0.06034207344055176,
                        0.0000011920928955078126,
                        0.9981777667999268,
                        0.0,
                        0.9981777667999268,
                        5.960464477539063e-8,
                        0.06034207344055176,
                        0.0,
                        0.0,
                        0.0,
                        0.0,
                        1.0
                    ]
                },
                {
                    "Type": 6,
                    "UID": 1919674570,
                    "debugDraw": true
                },
                {
                    "Type": 6,
                    "UID": 2194032649,
                    "debugDraw": false
                }
            ]
        },
        {
            "UID": 657124799,
            "ParentUID": 434321136,
            "Name": "Point08",
            "Active": true,
            "Static": true,
            "Components": [
                {
                    "Type": 1,
                    "Position": [
                        -28.496963500976564,
                        -10.437997817993164,
                        9.442955017089844
                    ],
                    "Rotation": [
                        -0.6709751486778259,
                        0.7414798140525818,
                        -0.0000015629750578227686,
                        -1.9336361845034845e-7
                    ],
                    "Scale": [
                        1.0000001192092896,
                        1.0000001192092896,
                        1.0000001192092896
                    ],
                    "Transform": [
                        -0.09958457946777344,
                        -0.9950291514396668,
                        0.000001867473429228994,
                        -28.496963500976564,
                        -0.9950291514396668,
                        0.09958451986312866,
                        -0.000002734747795329895,
                        -10.437997817993164,
                        0.0000025351821477670457,
                        -0.000002130529082933208,
                        -1.0,
                        9.442955017089844,
                        0.0,
                        0.0,
                        0.0,
                        1.0
                    ]
                }
            ]
        },
        {
            "UID": 3824159598,
            "ParentUID": 434321136,
            "Name": "Point07",
            "Active": true,
            "Static": true,
            "Components": [
                {
                    "Type": 1,
                    "Position": [
                        -7.5649566650390629,
                        -42.11421203613281,
                        9.443065643310547
                    ],
                    "Rotation": [
                        -0.6709751486778259,
                        0.7414798140525818,
                        -0.0000015629750578227686,
                        -1.9336361845034845e-7
                    ],
                    "Scale": [
                        1.0000001192092896,
                        1.0000001192092896,
                        1.0000001192092896
                    ],
                    "Transform": [
                        -0.09958457946777344,
                        -0.9950291514396668,
                        0.000001867473429228994,
                        -7.5649566650390629,
                        -0.9950291514396668,
                        0.09958451986312866,
                        -0.000002734747795329895,
                        -42.11421203613281,
                        0.0000025351821477670457,
                        -0.000002130529082933208,
                        -1.0,
                        9.443065643310547,
                        0.0,
                        0.0,
                        0.0,
                        1.0
                    ]
                }
            ]
        },
        {
            "UID": 1691964963,
            "ParentUID": 434321136,
            "Name": "Point09",
            "Active": true,
            "Static": true,
            "Components": [
                {
                    "Type": 1,
                    "Position": [
                        -3.6589584350585939,
                        -43.70024871826172,
                        -9.44288158416748
                    ],
                    "Rotation": [
                        0.7414798140525818,
                        0.6709751486778259,
                        -1.9405418072437897e-7,
                        0.000001563600108056562
                    ],
                    "Scale": [
                        1.0,
                        1.0,
                        1.0000001192092896
                    ],
                    "Transform": [
                        0.09958469122648239,
                        0.9950289726257324,
                        0.0000018104992705048062,
                        -3.6589584350585939,
                        0.9950289726257324,
                        -0.09958457201719284,
                        -0.000002579167130534188,
                        -43.70024871826172,
                        -0.0000023860482087911807,
                        0.000002058344762190245,
                        -0.9999998807907105,
                        -9.44288158416748,
                        0.0,
                        0.0,
                        0.0,
                        1.0
                    ]
                }
            ]
        },
        {
            "UID": 1893166489,
            "ParentUID": 434321136,
            "Name": "Point10",
            "Active": true,
            "Static": true,
            "Components": [
                {
                    "Type": 1,
                    "Position": [
                        -28.244842529296876,
                        -13.4207763671875,
                        -10.292684555053711
                    ],
                    "Rotation": [
                        0.7414798140525818,
                        0.6709751486778259,
                        -1.9405418072437897e-7,
                        0.000001563600108056562
                    ],
                    "Scale": [
                        1.0,
                        1.0,
                        1.0000001192092896
                    ],
                    "Transform": [
                        0.09958469122648239,
                        0.9950289726257324,
                        0.0000018104992705048062,
                        -28.244842529296876,
                        0.9950289726257324,
                        -0.09958457201719284,
                        -0.000002579167130534188,
                        -13.4207763671875,
                        -0.0000023860482087911807,
                        0.000002058344762190245,
                        -0.9999998807907105,
                        -10.292684555053711,
                        0.0,
                        0.0,
                        0.0,
                        1.0
                    ]
                }
            ]
        },
        {
            "UID": 459741886,
            "ParentUID": 434321136,
            "Name": "Bip01 Spine",
            "Active": true,
            "Static": true,
            "Components": [
                {
                    "Type": 1,
                    "Position": [
                        10.840576171875,
                        -0.010443687438964844,
                        0.6553010940551758
                    ],
                    "Rotation": [
                        -0.0008233787375502288,
                        -0.004146621096879244,
                        0.04522046819329262,
                        0.9989681243896484
                    ],
                    "Scale": [
                        1.000000238418579,
                        1.0000001192092896,
                        1.0000001192092896
                    ],
                    "Transform": [
                        0.9958760738372803,
                        -0.09034078568220139,
                        -0.008359151892364025,
                        10.840576171875,
                        0.09035446494817734,
                        0.9959089756011963,
                        0.0012700342340394855,
                        -0.010443687438964844,
                        0.008210219442844391,
                        -0.002020082902163267,
                        0.9999643564224243,
                        0.6553010940551758,
                        0.0,
                        0.0,
                        0.0,
                        1.0
                    ]
                },
                {
                    "Type": 6,
                    "UID": 1580371469,
                    "debugDraw": true
                },
                {
                    "Type": 6,
                    "UID": 3556637623,
                    "debugDraw": false
                }
            ]
        },
        {
            "UID": 3288396771,
            "ParentUID": 459741886,
            "Name": "Bip01 Spine1",
            "Active": true,
            "Static": true,
            "Components": [
                {
                    "Type": 1,
                    "Position": [
                        13.177665710449219,
                        -0.010479569435119629,
                        -0.00034236907958984375
                    ],
                    "Rotation": [
                        0.01674078218638897,
                        -0.022796129807829858,
                        0.019150622189044954,
                        0.9994165301322937
                    ],
                    "Scale": [
                        0.9999999403953552,
                        0.9999998211860657,
                        0.9999999403953552
                    ],
                    "Transform": [
                        0.9982271194458008,
                        -0.03904213383793831,
                        -0.04492446035146713,
                        13.177665710449219,
                        0.03751564025878906,
                        0.9987058043479919,
                        -0.03433514013886452,
                        -0.010479569435119629,
                        0.046206846833229068,
                        0.0325888991355896,
                        0.9984000325202942,
                        -0.00034236907958984375,
                        0.0,
                        0.0,
                        0.0,
                        1.0
                    ]
                },
                {
                    "Type": 6,
                    "UID": 2391951404,
                    "debugDraw": true
                }
            ]
        },
        {
            "UID": 1927461208,
            "ParentUID": 3288396771,
            "Name": "Bip01 Spine2",
            "Active": true,
            "Static": true,
            "Components": [
                {
                    "Type": 1,
                    "Position": [
                        13.178337097167969,
                        -0.020502567291259767,
                        -0.0009369850158691406
                    ],
                    "Rotation": [
                        0.02353779226541519,
                        -0.02887880615890026,
                        0.02573278360068798,
                        0.9989743828773499
                    ],
                    "Scale": [
                        1.0,
                        1.0000001192092896,
                        0.9999999403953552
                    ],
                    "Transform": [
                        0.9970076680183411,
                        -0.05277227982878685,
                        -0.05648699030280113,
                        13.178337097167969,
                        0.050053298473358157,
                        0.9975678324699402,
                        -0.048513565212488177,
                        -0.020502567291259767,
                        0.058909762650728229,
                        0.04554104804992676,
                        0.997223973274231,
                        -0.0009369850158691406,
                        0.0,
                        0.0,
                        0.0,
                        1.0
                    ]
                },
                {
                    "Type": 6,
                    "UID": 2483657639,
                    "debugDraw": true
                },
                {
                    "Type": 6,
                    "UID": 2126362245,
                    "debugDraw": false
                }
            ]
        },
        {
            "UID": 1758489124,
            "ParentUID": 1927461208,
            "Name": "Neck_Bone01",
            "Active": true,
            "Static": true,
            "Components": [
                {
                    "Type": 1,
                    "Position": [
                        25.025497436523439,
                        -5.959536552429199,
                        -4.76837158203125e-7
                    ],
                    "Rotation": [
                        -0.00824048649519682,
                        -0.03412695601582527,
                        0.1663893312215805,
                        0.9854349493980408
                    ],
                    "Scale": [
                        1.0000001192092896,
                        1.0000003576278687,
                        1.000000238418579
                    ],
                    "Transform": [
                        0.942300021648407,
                        -0.3273693919181824,
                        -0.07000206410884857,
                        25.025497436523439,
                        0.32849422097206118,
                        0.9444937109947205,
                        0.0048842052929103378,
                        -5.959536552429199,
                        0.0645175352692604,
                        -0.027597658336162568,
                        0.9975351095199585,
                        -4.76837158203125e-7,
                        0.0,
                        0.0,
                        0.0,
                        1.0
                    ]
                },
                {
                    "Type": 6,
                    "UID": 3667614652,
                    "debugDraw": true
                }
            ]
        },
        {
            "UID": 2491353635,
            "ParentUID": 1927461208,
            "Name": "Bip01 Neck",
            "Active": true,
            "Static": true,
            "Components": [
                {
                    "Type": 1,
                    "Position": [
                        25.025238037109376,
                        -5.959633827209473,
                        0.00014352798461914063
                    ],
                    "Rotation": [
                        -0.006722552236169577,
                        -0.03385958448052406,
                        0.16644200682640077,
                        0.9854468107223511
                    ],
                    "Scale": [
                        1.0000001192092896,
                        0.9999999403953552,
                        1.0
                    ],
                    "Transform": [
                        0.9423012733459473,
                        -0.3275842070579529,
                        -0.06897145509719849,
                        25.025238037109376,
                        0.32849475741386416,
                        0.9445037245750427,
                        0.001978122629225254,
                        -5.959633827209473,
                        0.06449580937623978,
                        -0.024520747363567354,
                        0.9976166486740112,
                        0.00014352798461914063,
                        0.0,
                        0.0,
                        0.0,
                        1.0
                    ]
                }
            ]
        },
        {
            "UID": 2497216794,
            "ParentUID": 2491353635,
            "Name": "Bip01 Head",
            "Active": true,
            "Static": true,
            "Components": [
                {
                    "Type": 1,
                    "Position": [
                        7.436981201171875,
                        0.0,
                        9.5367431640625e-7
                    ],
                    "Rotation": [
                        -0.01616872474551201,
                        0.010000319220125676,
                        -0.11920483410358429,
                        0.9926876425743103
                    ],
                    "Scale": [
                        0.9999998807907105,
                        0.9999999403953552,
                        1.0000001192092896
                    ],
                    "Transform": [
                        0.971380352973938,
                        0.2363429218530655,
                        0.023709170520305635,
                        7.436981201171875,
                        -0.23698969185352326,
                        0.9710574746131897,
                        0.029716813936829568,
                        0.0,
                        -0.015999605879187585,
                        -0.03448515012860298,
                        0.9992772340774536,
                        9.5367431640625e-7,
                        0.0,
                        0.0,
                        0.0,
                        1.0
                    ]
                },
                {
                    "Type": 6,
                    "UID": 2912870767,
                    "debugDraw": true
                }
            ]
        },
        {
            "UID": 4233014320,
            "ParentUID": 2497216794,
            "Name": "eye01",
            "Active": false,
            "Static": true,
            "Components": [
                {
                    "Type": 1,
                    "Position": [
                        -174.13702392578126,
                        3.1879920959472658,
                        -0.00000667572021484375
                    ],
                    "Rotation": [
                        -0.7064115405082703,
                        0.03134964406490326,
                        -0.7064115405082703,
                        0.03134964406490326
                    ],
                    "Scale": [
                        1.0,
                        1.0,
                        1.0
                    ],
                    "Transform": [
                        5.960464477539063e-8,
                        0.0000013430887975118822,
                        0.9999999403953552,
                        -174.13702392578126,
                        5.684341886080802e-14,
                        -0.9999998807907105,
                        0.0000013430887975118822,
                        3.1879920959472658,
                        0.9999999403953552,
                        5.684341886080802e-14,
                        5.960464477539063e-8,
                        -0.00000667572021484375,
                        0.0,
                        0.0,
                        0.0,
                        1.0
                    ]
                },
                {
                    "Type": 2,
                    "UID": 3186470001,
                    "FBX": "Assets/Models/Basic_Walk_01.FBX",
                    "mesh": "Unnamed(5)"
                },
                {
                    "Type": 3,
                    "UID": 3245687151,
                    "originalFile": "Assets/Models/Materials/Color.tesseractMat"
                }
            ]
        },
        {
            "UID": 3623408628,
            "ParentUID": 2497216794,
            "Name": "eye02",
            "Active": false,
            "Static": true,
            "Components": [
                {
                    "Type": 1,
                    "Position": [
                        -174.13702392578126,
                        3.1879920959472658,
                        -0.00000667572021484375
                    ],
                    "Rotation": [
                        -0.7064115405082703,
                        0.03134964406490326,
                        -0.7064115405082703,
                        0.03134964406490326
                    ],
                    "Scale": [
                        1.0,
                        1.0,
                        1.0
                    ],
                    "Transform": [
                        5.960464477539063e-8,
                        0.0000013430887975118822,
                        0.9999999403953552,
                        -174.13702392578126,
                        5.684341886080802e-14,
                        -0.9999998807907105,
                        0.0000013430887975118822,
                        3.1879920959472658,
                        0.9999999403953552,
                        5.684341886080802e-14,
                        5.960464477539063e-8,
                        -0.00000667572021484375,
                        0.0,
                        0.0,
                        0.0,
                        1.0
                    ]
                },
                {
                    "Type": 2,
                    "UID": 2827741276,
                    "FBX": "Assets/Models/Basic_Walk_01.FBX",
                    "mesh": "Unnamed(4)"
                },
                {
                    "Type": 3,
                    "UID": 1262817003,
                    "originalFile": "Assets/Models/Materials/Color.tesseractMat"
                }
            ]
        },
        {
            "UID": 2528143312,
            "ParentUID": 2497216794,
            "Name": "Bip01 HeadNub",
            "Active": true,
            "Static": true,
            "Components": [
                {
                    "Type": 1,
                    "Position": [
                        22.176544189453126,
                        0.0000019073486328125,
                        0.0
                    ],
                    "Rotation": [
                        0.0,
                        0.0,
                        0.0,
                        1.0
                    ],
                    "Scale": [
                        1.0,
                        0.9999999403953552,
                        1.0
                    ],
                    "Transform": [
                        1.0,
                        0.0,
                        0.0,
                        22.176544189453126,
                        0.0,
                        0.9999999403953552,
                        0.0,
                        0.0000019073486328125,
                        0.0,
                        0.0,
                        1.0,
                        0.0,
                        0.0,
                        0.0,
                        0.0,
                        1.0
                    ]
                }
            ]
        },
        {
            "UID": 3755675004,
            "ParentUID": 2491353635,
            "Name": "Bip01 L Clavicle",
            "Active": true,
            "Static": true,
            "Components": [
                {
                    "Type": 1,
                    "Position": [
                        -6.446563720703125,
                        2.6405792236328127,
                        10.551008224487305
                    ],
                    "Rotation": [
                        0.6680389046669006,
                        -0.1333627700805664,
                        0.7243339419364929,
                        0.10620163381099701
                    ],
                    "Scale": [
                        1.0000001192092896,
                        1.0,
                        0.9999999403953552
                    ],
                    "Transform": [
                        -0.08489061146974564,
                        -0.33203423023223879,
                        0.939439594745636,
                        -6.446563720703125,
                        -0.024332154542207719,
                        -0.9418710470199585,
                        -0.3350922763347626,
                        2.6405792236328127,
                        0.9960932731628418,
                        -0.05130477249622345,
                        0.0718768760561943,
                        10.551008224487305,
                        0.0,
                        0.0,
                        0.0,
                        1.0
                    ]
                },
                {
                    "Type": 6,
                    "UID": 4097199669,
                    "debugDraw": true
                }
            ]
        },
        {
            "UID": 3904967127,
            "ParentUID": 3755675004,
            "Name": "Point01",
            "Active": true,
            "Static": true,
            "Components": [
                {
                    "Type": 1,
                    "Position": [
                        0.0,
                        0.0,
                        0.0
                    ],
                    "Rotation": [
                        0.0050573875196278099,
                        0.30872809886932375,
                        -0.015578878112137318,
                        0.9510093331336975
                    ],
                    "Scale": [
                        0.9999998211860657,
                        0.9999997615814209,
                        0.9999998211860657
                    ],
                    "Transform": [
                        0.8088883757591248,
                        0.03275402635335922,
                        0.5870488882064819,
                        0.0000019073486328125,
                        -0.026508595794439317,
                        0.9994632005691528,
                        -0.019238516688346864,
                        -0.0000019073486328125,
                        -0.5873640775680542,
                        -2.9802315282267956e-8,
                        0.8093226552009583,
                        0.0,
                        0.0,
                        0.0,
                        0.0,
                        1.0
                    ]
                }
            ]
        },
        {
            "UID": 3501813784,
            "ParentUID": 3755675004,
            "Name": "Bip01 L UpperArm",
            "Active": true,
            "Static": true,
            "Components": [
                {
                    "Type": 1,
                    "Position": [
                        12.27584457397461,
                        0.0,
                        0.000030517578125
                    ],
                    "Rotation": [
                        -0.03024441935122013,
                        0.5879440307617188,
                        -0.004527647513896227,
                        0.808323323726654
                    ],
                    "Scale": [
                        0.9999999403953552,
                        0.9999997615814209,
                        1.0
                    ],
                    "Transform": [
                        0.30860260128974917,
                        -0.028244437649846078,
                        0.9507716298103333,
                        12.27584457397461,
                        -0.042883653193712237,
                        0.9981293678283691,
                        0.04357053339481354,
                        0.0,
                        -0.9502237439155579,
                        -0.054218534380197528,
