{
    "Game Objects": [
        {
            "UID": 3598770225,
            "ParentUID": 0,
            "Name": "Basic_Walk_01",
            "Active": true,
            "Static": true,
            "Components": [
                {
                    "Type": 1,
                    "Position": [
                        0.0,
                        0.0,
                        0.0
                    ],
                    "Rotation": [
                        0.0,
                        0.0,
                        0.0,
                        1.0
                    ],
                    "Scale": [
                        1.0,
                        1.0,
                        1.0
                    ],
                    "Transform": [
                        1.0,
                        0.0,
                        0.0,
                        0.0,
                        0.0,
                        1.0,
                        0.0,
                        0.0,
                        0.0,
                        0.0,
                        1.0,
                        0.0,
                        0.0,
                        0.0,
                        0.0,
                        1.0
                    ]
                },
                {
                    "Type": 4,
                    "UID": 4033932835,
                    "debugDraw": true,
                    "FBX": "Assets/Models/Basic_Walk_01.FBX",
                    "animation": "Take 001"
                }
            ]
        },
        {
            "UID": 702192535,
            "ParentUID": 3598770225,
            "Name": "man01",
            "Active": false,
            "Static": true,
            "Components": [
                {
                    "Type": 1,
                    "Position": [
                        0.0,
                        0.6069999933242798,
                        0.0
                    ],
                    "Rotation": [
                        -0.7071068286895752,
                        0.0,
                        0.0,
                        0.7071067094802856
                    ],
                    "Scale": [
                        1.0,
                        1.0,
                        1.0
                    ],
                    "Transform": [
                        1.0,
                        -0.0,
                        0.0,
                        0.0,
                        0.0,
                        5.960464477539063e-8,
                        0.9999999403953552,
                        0.6069999933242798,
                        -0.0,
                        -0.9999999403953552,
                        5.960464477539063e-8,
                        0.0,
                        0.0,
                        0.0,
                        0.0,
                        1.0
                    ]
                },
                {
                    "Type": 2,
                    "UID": 2321419619,
                    "FBX": "Assets/Models/Basic_Walk_01.FBX",
                    "mesh": "Unnamed(1)",
                    "Linker": [
                        11198154,
                        11198154,
                        11198154
                    ]
                },
                {
                    "Type": 3,
                    "UID": 346380029,
                    "originalFile": "Assets/Models/Materials/Color.tesseractMat"
                }
            ]
        },
        {
            "UID": 3096078867,
            "ParentUID": 3598770225,
            "Name": "man03",
            "Active": false,
            "Static": true,
            "Components": [
                {
                    "Type": 1,
                    "Position": [
                        0.0,
                        0.6066436767578125,
                        0.0
                    ],
                    "Rotation": [
                        -0.7071068286895752,
                        0.0,
                        0.0,
                        0.7071067094802856
                    ],
                    "Scale": [
                        1.0,
                        1.0,
                        1.0
                    ],
                    "Transform": [
                        1.0,
                        -0.0,
                        0.0,
                        0.0,
                        0.0,
                        5.960464477539063e-8,
                        0.9999999403953552,
                        0.6066436767578125,
                        -0.0,
                        -0.9999999403953552,
                        5.960464477539063e-8,
                        0.0,
                        0.0,
                        0.0,
                        0.0,
                        1.0
                    ]
                },
                {
                    "Type": 2,
                    "UID": 4056432791,
                    "FBX": "Assets/Models/Basic_Walk_01.FBX",
                    "mesh": "Unnamed(3)",
                    "Linker": [
                        1888118692,
                        1888118692,
                        1888118692,
                        1888118692,
                        1888118692,
                        1888118692,
                        1888118692,
                        1888118692,
                        1888118692,
                        1888118692,
                        1888118692,
                        1888118692
                    ]
                },
                {
                    "Type": 3,
                    "UID": 2878090200,
                    "originalFile": "Assets/Models/Materials/Color.tesseractMat"
                }
            ]
        },
        {
            "UID": 2772484269,
            "ParentUID": 3598770225,
            "Name": "man02",
            "Active": false,
            "Static": true,
            "Components": [
                {
                    "Type": 1,
                    "Position": [
                        0.0,
                        0.6069999933242798,
                        2.7469251318024136e-9
                    ],
                    "Rotation": [
                        -0.7071068286895752,
                        0.0,
                        0.0,
                        0.7071067094802856
                    ],
                    "Scale": [
                        1.0,
                        1.0,
                        1.0
                    ],
                    "Transform": [
                        1.0,
                        -0.0,
                        0.0,
                        0.0,
                        0.0,
                        5.960464477539063e-8,
                        0.9999999403953552,
                        0.6069999933242798,
                        -0.0,
                        -0.9999999403953552,
                        5.960464477539063e-8,
                        2.7469251318024136e-9,
                        0.0,
                        0.0,
                        0.0,
                        1.0
                    ]
                },
                {
                    "Type": 2,
                    "UID": 3781162253,
                    "FBX": "Assets/Models/Basic_Walk_01.FBX",
                    "mesh": "Unnamed(2)",
                    "Linker": [
                        3724335440,
                        3724335440,
                        3724335440,
                        3724335440,
                        3724335440,
                        3724335440,
                        3724335440,
                        3724335440,
                        3724335440,
                        3724335440,
                        3724335440,
                        3724335440,
                        3724335440,
                        3724335440,
                        3724335440,
                        3724335440,
                        3724335440,
                        3724335440,
                        3724335440,
                        3724335440,
                        3724335440,
                        3724335440,
                        3724335440,
                        3724335440,
                        3724335440,
                        3724335440,
                        3724335440,
                        3724335440,
                        3724335440,
                        3724335440,
                        3724335440,
                        3724335440,
                        3724335440,
                        3724335440,
                        3724335440,
                        3724335440,
                        3724335440,
                        3724335440,
                        3724335440,
                        3724335440,
                        3724335440,
                        3724335440,
                        3724335440,
                        3724335440,
                        3724335440,
                        3724335440,
                        3724335440,
                        3724335440,
                        3724335440,
                        3724335440,
                        3724335440,
                        3724335440,
                        3724335440,
                        3724335440
                    ]
                },
                {
                    "Type": 3,
                    "UID": 707849635,
                    "originalFile": "Assets/Models/Materials/Color.tesseractMat"
                }
            ]
        },
        {
            "UID": 2214629085,
            "ParentUID": 3598770225,
            "Name": "Bip01",
            "Active": true,
            "Static": true,
            "Components": [
                {
                    "Type": 1,
                    "Position": [
                        2.225617237172628e-7,
                        100.83763885498047,
                        3.040423735001241e-7
                    ],
                    "Rotation": [
                        -0.5104804039001465,
                        -0.5399280786514282,
                        -0.47558510303497317,
                        0.4708569347858429
                    ],
                    "Scale": [
                        1.0,
                        1.0,
                        1.0
                    ],
                    "Transform": [
                        -0.035407066345214847,
                        0.9991104602813721,
                        -0.022904038429260255,
                        2.225617237172628e-7,
                        0.10338029265403748,
                        0.02645707130432129,
                        0.9942899942398071,
                        100.83763885498047,
                        0.9940115213394165,
                        0.03283703327178955,
                        -0.10422515869140625,
                        3.040423735001241e-7,
                        0.0,
                        0.0,
                        0.0,
                        1.0
                    ]
                }
            ]
        },
        {
            "UID": 4200341019,
            "ParentUID": 2214629085,
            "Name": "Bip01 Footsteps",
            "Active": true,
            "Static": true,
            "Components": [
                {
                    "Type": 1,
                    "Position": [
                        -10.423798561096192,
                        -2.6676623821258547,
                        -100.25382232666016
                    ],
                    "Rotation": [
                        0.0280180461704731,
                        0.04549738019704819,
                        0.7180762887001038,
                        0.6939103007316589
                    ],
                    "Scale": [
                        1.0,
                        1.0,
                        1.0
                    ],
                    "Transform": [
                        0.037983886897563937,
                        -0.995621919631958,
                        0.08540427684783936,
                        -8.782333374023438,
                        0.99927818775177,
                        0.03782796114683151,
                        -0.003444161033257842,
                        0.35405832529067995,
                        0.00019840891764033586,
                        0.0854734554886818,
                        0.9963403940200806,
                        -102.45833587646485,
                        0.0,
                        0.0,
                        0.0,
                        1.0
                    ]
                }
            ]
        },
        {
            "UID": 1500971734,
            "ParentUID": 2214629085,
            "Name": "Bip01 Pelvis",
            "Active": true,
            "Static": true,
            "Components": [
                {
                    "Type": 1,
                    "Position": [
                        0.0,
                        0.0,
                        0.0
                    ],
                    "Rotation": [
                        -0.4846794605255127,
                        -0.48468008637428286,
                        -0.5148642659187317,
                        0.5148648619651794
                    ],
                    "Scale": [
                        1.0,
                        1.0,
                        1.0
                    ],
                    "Transform": [
                        0.0,
                        0.9999998211860657,
                        -1.4901158351676714e-7,
                        0.0,
                        0.004169761203229427,
                        1.1920926823449918e-7,
                        0.999991238117218,
                        0.0,
                        0.999991238117218,
                        -2.9802317058624795e-8,
                        -0.004169820807874203,
                        0.0,
                        0.0,
                        0.0,
                        0.0,
                        1.0
                    ]
                },
                {
                    "Type": 6,
                    "UID": 2319871742,
                    "debugDraw": true,
                    "FBX": "Assets/Models/Basic_Walk_01.FBX",
                    "bone": "Bip01 Pelvis"
                },
                {
                    "Type": 6,
                    "UID": 3861598951,
                    "debugDraw": false,
                    "FBX": "Assets/Models/Basic_Walk_01.FBX",
                    "bone": "Bip01 Pelvis"
                }
            ]
        },
        {
            "UID": 3132512139,
            "ParentUID": 1500971734,
            "Name": "Point09",
            "Active": true,
            "Static": true,
            "Components": [
                {
                    "Type": 1,
                    "Position": [
                        -3.6589584350585939,
                        -43.70024871826172,
                        -9.44288158416748
                    ],
                    "Rotation": [
                        0.7414798140525818,
                        0.6709751486778259,
                        -1.9405418072437897e-7,
                        0.000001563600108056562
                    ],
                    "Scale": [
                        1.0,
                        1.0,
                        1.0000001192092896
                    ],
                    "Transform": [
                        0.09958451241254807,
                        0.995029091835022,
                        0.0000018105541812474258,
                        -4.270020961761475,
                        0.9950291514396668,
                        -0.09958480298519135,
                        -0.0000025786127935134575,
                        -44.419189453125,
                        -0.00000238549137066002,
                        0.000002058344762190245,
                        -1.0,
                        -9.442878723144532,
                        0.0,
                        0.0,
                        0.0,
                        1.0
                    ]
                }
            ]
        },
        {
            "UID": 3855773459,
            "ParentUID": 1500971734,
            "Name": "Point08",
            "Active": true,
            "Static": true,
            "Components": [
                {
                    "Type": 1,
                    "Position": [
                        -28.496963500976564,
                        -10.437997817993164,
                        9.442955017089844
                    ],
                    "Rotation": [
                        -0.6709751486778259,
                        0.7414798140525818,
                        -0.0000015629750578227686,
                        -1.9336361845034845e-7
                    ],
                    "Scale": [
                        1.0000001192092896,
                        1.0000001192092896,
                        1.0000001192092896
                    ],
                    "Transform": [
                        -0.09958481043577194,
                        -0.9950291514396668,
                        0.0000018674732018553187,
                        -27.71256446838379,
                        -0.9950291514396668,
                        0.09958451241254807,
                        -0.000002734747795329895,
                        -8.969771385192871,
                        0.0000025351821477670457,
                        -0.0000021305293103068836,
                        -1.0,
                        10.016644477844239,
                        0.0,
                        0.0,
                        0.0,
                        1.0
                    ]
                }
            ]
        },
        {
            "UID": 2687438202,
            "ParentUID": 1500971734,
            "Name": "Point07",
            "Active": true,
            "Static": true,
            "Components": [
                {
                    "Type": 1,
                    "Position": [
                        -7.5649566650390629,
                        -42.11421203613281,
                        9.443065643310547
                    ],
                    "Rotation": [
                        -0.6709751486778259,
                        0.7414798140525818,
                        -0.0000015629750578227686,
                        -1.9336361845034845e-7
                    ],
                    "Scale": [
                        1.0000001192092896,
                        1.0000001192092896,
                        1.0000001192092896
                    ],
                    "Transform": [
                        -0.09958481043577194,
                        -0.9950291514396668,
                        0.0000018674732018553187,
                        -8.426755905151368,
                        -0.9950291514396668,
                        0.09958451241254807,
                        -0.000002734747795329895,
                        -41.14604568481445,
                        0.0000025351821477670457,
                        -0.0000021305293103068836,
                        -1.0,
                        9.443060874938965,
                        0.0,
                        0.0,
                        0.0,
                        1.0
                    ]
                }
            ]
        },
        {
            "UID": 163120795,
            "ParentUID": 1500971734,
            "Name": "Point10",
            "Active": true,
            "Static": true,
            "Components": [
                {
                    "Type": 1,
                    "Position": [
                        -28.244842529296876,
                        -13.4207763671875,
                        -10.292684555053711
                    ],
                    "Rotation": [
                        0.7414798140525818,
                        0.6709751486778259,
                        -1.9405418072437897e-7,
                        0.000001563600108056562
                    ],
                    "Scale": [
                        1.0,
                        1.0,
                        1.0000001192092896
                    ],
                    "Transform": [
                        0.09958451241254807,
                        0.995029091835022,
                        0.0000018105541812474258,
                        -29.193819046020509,
                        0.9950291514396668,
                        -0.09958480298519135,
                        -0.0000025786127935134575,
                        -13.905271530151368,
                        -0.00000238549137066002,
                        0.000002058344762190245,
                        -1.0,
                        -9.4429931640625,
                        0.0,
                        0.0,
                        0.0,
                        1.0
                    ]
                }
            ]
        },
        {
            "UID": 947448723,
            "ParentUID": 1500971734,
            "Name": "Bip01 Spine",
            "Active": true,
            "Static": true,
            "Components": [
                {
                    "Type": 1,
                    "Position": [
                        10.840576171875,
                        -0.010443687438964844,
                        0.6553010940551758
                    ],
                    "Rotation": [
                        -0.0008233787375502288,
                        -0.004146621096879244,
                        0.04522046819329262,
                        0.9989681243896484
                    ],
                    "Scale": [
                        1.000000238418579,
                        1.0000001192092896,
                        1.0000001192092896
                    ],
                    "Transform": [
                        0.995823085308075,
                        -0.09124542772769928,
                        0.0032368970569223167,
                        10.860275268554688,
                        0.09124474227428436,
                        0.99582839012146,
                        0.00035730699892155826,
                        -0.010443833656609059,
                        -0.003255996387451887,
                        -0.00006046471753506921,
                        0.999994695186615,
                        -0.0452796146273613,
                        0.0,
                        0.0,
                        0.0,
                        1.0
                    ]
                },
                {
                    "Type": 6,
                    "UID": 2087011385,
                    "debugDraw": true,
                    "FBX": "Assets/Models/Basic_Walk_01.FBX",
                    "bone": "Bip01 Spine"
                },
                {
                    "Type": 6,
                    "UID": 3028028467,
                    "debugDraw": false,
                    "FBX": "Assets/Models/Basic_Walk_01.FBX",
                    "bone": "Bip01 Spine"
                }
            ]
        },
        {
            "UID": 278940473,
            "ParentUID": 947448723,
            "Name": "Bip01 L Thigh",
            "Active": true,
            "Static": true,
            "Components": [
                {
                    "Type": 1,
                    "Position": [
                        -10.722785949707032,
                        0.9720138311386108,
                        8.877973556518555
                    ],
                    "Rotation": [
                        0.16911010444164277,
                        0.982077419757843,
                        0.03225064277648926,
                        0.0767177864909172
                    ],
                    "Scale": [
                        0.9999997615814209,
                        0.9999996423721314,
                        0.9999998211860657
                    ],
                    "Transform": [
                        -0.909644603729248,
                        0.41431620717048647,
                        -0.029815271496772767,
                        -10.844869613647461,
                        0.4127233922481537,
                        0.9095956087112427,
                        0.04791002720594406,
                        1.0007928609848023,
                        0.04696973040699959,
                        0.03127564117312431,
                        -0.9984066486358643,
                        9.453038215637207,
                        0.0,
                        0.0,
                        0.0,
                        1.0
                    ]
                },
                {
                    "Type": 6,
                    "UID": 2749544918,
                    "debugDraw": true,
                    "FBX": "Assets/Models/Basic_Walk_01.FBX",
                    "bone": "Bip01 L Thigh"
                }
            ]
        },
        {
            "UID": 1314644277,
            "ParentUID": 278940473,
            "Name": "Bip01 L Calf",
            "Active": true,
            "Static": true,
            "Components": [
                {
                    "Type": 1,
                    "Position": [
                        47.42133331298828,
                        -0.000003814697265625,
                        4.76837158203125e-7
                    ],
                    "Rotation": [
                        3.730352027275785e-9,
                        1.4426676742118616e-8,
                        -0.25033971667289736,
                        0.9681580662727356
                    ],
                    "Scale": [
                        1.0000001192092896,
                        1.0000003576278687,
                        1.0000001192092896
                    ],
                    "Transform": [
                        0.432424932718277,
                        0.901669979095459,
                        0.0,
                        47.42133712768555,
                        -0.9016698002815247,
                        0.43242502212524416,
                        -0.0,
                        -5.881374818272889e-7,
                        -0.0,
                        0.0,
                        1.0,
                        9.5367431640625e-7,
                        0.0,
                        0.0,
                        0.0,
                        1.0
                    ]
                },
                {
                    "Type": 6,
                    "UID": 2042323310,
                    "debugDraw": true,
                    "FBX": "Assets/Models/Basic_Walk_01.FBX",
                    "bone": "Bip01 L Calf"
                }
            ]
        },
        {
            "UID": 931852775,
            "ParentUID": 1314644277,
            "Name": "Bip01 L Foot",
            "Active": true,
            "Static": true,
            "Components": [
                {
                    "Type": 1,
                    "Position": [
                        47.18416976928711,
                        9.5367431640625e-7,
                        2.980232238769531e-7
                    ],
                    "Rotation": [
                        -0.018040167167782785,
                        0.040988821536302569,
                        0.07638689875602722,
                        0.9960720539093018
                    ],
                    "Scale": [
                        1.0000001192092896,
                        1.0000001192092896,
                        1.0000001192092896
                    ],
                    "Transform": [
                        0.993870198726654,
                        -0.08596459776163101,
                        -0.069513238966465,
                        47.18415069580078,
                        0.09134653210639954,
                        0.992731511592865,
                        0.0783565565943718,
                        4.3700492824427786e-7,
                        0.062272097915410998,
                        -0.08422602713108063,
                        0.9944989681243897,
                        5.125712050357834e-7,
                        0.0,
                        0.0,
                        0.0,
                        1.0
                    ]
                },
                {
                    "Type": 6,
                    "UID": 1379843458,
                    "debugDraw": true,
                    "FBX": "Assets/Models/Basic_Walk_01.FBX",
                    "bone": "Bip01 L Foot"
                }
            ]
        },
        {
            "UID": 546377560,
            "ParentUID": 931852775,
            "Name": "Bip01 L Toe0",
            "Active": true,
            "Static": true,
            "Components": [
                {
                    "Type": 1,
                    "Position": [
                        10.852346420288086,
                        15.625959396362305,
                        -1.1920928955078126e-7
                    ],
                    "Rotation": [
                        0.0,
                        0.0,
                        0.7071067690849304,
                        0.7071067690849304
                    ],
                    "Scale": [
                        1.0,
                        0.9999999403953552,
                        1.0
                    ],
                    "Transform": [
                        -1.1920928244535389e-7,
                        -1.0,
                        0.0,
                        10.852348327636719,
                        1.0,
                        -1.1920928244535389e-7,
                        0.0,
                        15.62596321105957,
                        0.0,
                        0.0,
                        1.0,
                        6.596055754926056e-7,
                        0.0,
                        0.0,
                        0.0,
                        1.0
                    ]
                },
                {
                    "Type": 6,
                    "UID": 524349931,
                    "debugDraw": true,
                    "FBX": "Assets/Models/Basic_Walk_01.FBX",
                    "bone": "Bip01 L Toe0"
                }
            ]
        },
        {
            "UID": 935992437,
            "ParentUID": 546377560,
            "Name": "Bip01 L Toe0Nub",
            "Active": true,
            "Static": true,
            "Components": [
                {
                    "Type": 1,
                    "Position": [
                        8.203460693359375,
                        9.313225746154786e-10,
                        0.0
                    ],
                    "Rotation": [
                        -0.0,
                        -0.0,
                        1.0,
                        4.371138828673793e-8
                    ],
                    "Scale": [
                        -1.0,
                        -0.9999999403953552,
                        -1.0
                    ],
                    "Transform": [
                        1.0,
                        8.742277657347586e-8,
                        0.0,
                        8.203458786010743,
                        -8.742277657347586e-8,
                        1.0,
                        -0.0,
                        5.503543434315361e-7,
                        -0.0,
                        0.0,
                        -1.0,
                        -8.066399459494278e-7,
                        -0.0,
                        -0.0,
                        -0.0,
                        1.0
                    ]
                }
            ]
        },
        {
            "UID": 3939179121,
            "ParentUID": 1314644277,
            "Name": "ExposeTransform01",
            "Active": true,
            "Static": true,
            "Components": [
                {
                    "Type": 1,
                    "Position": [
                        5.556545257568359,
                        -15.33190631866455,
                        0.000019550323486328126
                    ],
                    "Rotation": [
                        0.0,
                        0.0,
                        0.0,
                        1.0
                    ],
                    "Scale": [
                        1.0000001192092896,
                        1.0000003576278687,
                        1.0000001192092896
                    ],
                    "Transform": [
                        0.9999999403953552,
                        -1.9942666540373467e-7,
                        -2.873106754678473e-13,
                        5.556545734405518,
                        1.994266085603158e-7,
                        1.000000238418579,
                        0.000001440538426322746,
                        -15.331901550292969,
                        2.896174722379659e-17,
                        -0.0000014405385400095839,
                        1.0000001192092896,
                        0.000018926451957668179,
                        0.0,
                        0.0,
                        0.0,
                        1.0
                    ]
                }
            ]
        },
        {
            "UID": 1756159981,
            "ParentUID": 278940473,
            "Name": "L_hipbone",
            "Active": true,
            "Static": true,
            "Components": [
                {
                    "Type": 1,
                    "Position": [
                        0.0,
                        0.0,
                        0.0
                    ],
                    "Rotation": [
                        -0.023641422390937806,
                        0.08372578769922257,
                        -0.7295005917549133,
                        0.6784246563911438
                    ],
                    "Scale": [
                        1.0000001192092896,
                        0.9999999403953552,
                        1.000000238418579
                    ],
                    "Transform": [
                        -0.13199399411678315,
                        0.9908682107925415,
                        -0.027526723220944406,
                        0.0000011762749636545778,
                        -0.9905864000320435,
                        -0.13287091255187989,
                        -0.032917119562625888,
                        0.0000026384223019704224,
                        -0.0362740196287632,
                        0.022922730073332788,
                        0.999079167842865,
                        0.000008436034477199428,
                        0.0,
                        0.0,
                        0.0,
                        1.0
                    ]
                },
                {
                    "Type": 6,
                    "UID": 602556208,
                    "debugDraw": true,
                    "FBX": "Assets/Models/Basic_Walk_01.FBX",
                    "bone": "L_hipbone"
                }
            ]
        },
        {
            "UID": 253527218,
            "ParentUID": 947448723,
            "Name": "Bip01 R Thigh",
            "Active": true,
            "Static": true,
            "Components": [
                {
                    "Type": 1,
                    "Position": [
                        -10.8778076171875,
                        1.010136365890503,
                        -10.0072660446167
                    ],
                    "Rotation": [
                        0.06840250641107559,
                        0.9949772953987122,
                        -0.01937132142484188,
                        0.07047023624181748
                    ],
                    "Scale": [
                        0.9999998807907105,
                        0.9999998807907105,
                        0.9999998211860657
                    ],
                    "Transform": [
                        -0.9787403345108032,
                        0.18520894646644593,
                        -0.0881214365363121,
                        -10.78335189819336,
                        0.18512704968452454,
                        0.9826719164848328,
                        0.009172741323709488,
                        1.001906394958496,
                        0.08829332143068314,
                        -0.0073359315283596519,
                        -0.9960676431655884,
                        -9.432779312133789,
                        0.0,
                        0.0,
                        0.0,
                        1.0
                    ]
                },
                {
                    "Type": 6,
                    "UID": 2593358445,
                    "debugDraw": true,
                    "FBX": "Assets/Models/Basic_Walk_01.FBX",
                    "bone": "Bip01 R Thigh"
                }
            ]
        },
        {
            "UID": 4215851796,
            "ParentUID": 253527218,
            "Name": "R_hipbone",
            "Active": true,
            "Static": true,
            "Components": [
                {
                    "Type": 1,
                    "Position": [
                        0.0,
                        0.0,
                        0.0
                    ],
                    "Rotation": [
                        -0.05208383500576019,
                        0.03335212543606758,
                        -0.6925587058067322,
                        0.7187053561210632
                    ],
                    "Scale": [
                        1.0000007152557374,
                        1.0000005960464478,
                        1.000000238418579
                    ],
                    "Transform": [
                        0.0002894403296522796,
                        0.9958117604255676,
                        -0.0914369449019432,
                        -0.00000762939453125,
                        -0.9999682307243347,
                        0.001025558216497302,
                        0.00800381787121296,
                        0.0000016132798918988556,
                        0.008064084686338902,
                        0.09143169969320297,
                        0.9957789182662964,
                        -0.00000762939453125,
                        0.0,
                        0.0,
                        0.0,
                        1.0
                    ]
                },
                {
                    "Type": 6,
                    "UID": 3481372954,
                    "debugDraw": true,
                    "FBX": "Assets/Models/Basic_Walk_01.FBX",
                    "bone": "R_hipbone"
                }
            ]
        },
        {
            "UID": 2620904574,
            "ParentUID": 253527218,
            "Name": "Bip01 R Calf",
            "Active": true,
            "Static": true,
            "Components": [
                {
                    "Type": 1,
                    "Position": [
                        47.42133331298828,
                        0.0,
                        0.0
                    ],
                    "Rotation": [
                        0.0,
                        0.0,
                        -0.5478914976119995,
                        0.8365494012832642
                    ],
                    "Scale": [
                        1.0,
                        0.9999999403953552,
                        1.0
                    ],
                    "Transform": [
                        0.9098454117774963,
                        0.41494759917259219,
                        0.0,
                        47.42133712768555,
                        -0.4149477183818817,
                        0.9098451137542725,
                        -0.0,
                        0.0000016132798918988556,
